1553369139819281195963299289279249287228261229874627955159845635912934148958697118389116976773991141
9292864279739861973394996392399482385639161781713948569919934925915994267292687635425848414898662891
8984516767399919686159711981517295998244199358589514969127392995155179316966192911316344999828194948
1961841162399797369999495729498611977732592684686144381661917955137597444884519641489211991966891996
4925864759769821471182939927815555689815289679496195399185239319895981781934589478814926183646665891
9568998284499875171643226927595919849831182941847415199853128424932979499859745259419813188191625867
3917999871999558116791938149135967129559618711897575355692864344981918546238879172788161239959229773
4549995929397861922181272962917153759294974661599299699127479249268537297911781928986467769189952291
8939269939384965753979949271918149659128771846693188111995361233581933797496776999298984189911991338
6895589291188512655781983273445259258884935544288933277834934721931249715897719983664387197944146444
6139919584949779786782819426113258992849176881479771216991948266461734825165191446852959519612953957
9489181798814857433388798598661959626629454847677716195182968598571159614573152348257964562848276629
6831759629996599917954513911719799788388973599265115899953591369412919134789947918539299218259561938
4718998529528181941467197499761232211379912938598719729521928472977654381129167141199296997931171211
1329132994592752776183382611919769644988919189199717888923619139124798917791536899692312994986951129
9179991399838443832269349411489213342791119921982131294997712636147111152188869276169159332985452299
9239845945833699559929318999655628994587218288955495781111841471911261366411362258149519389745974729
9138123464564159793961198252998498574695467261957194961679762215594291969548298217264317892768769985
1722975394781339912937157619766732492817121831519139919641845418578711617396399933134168187765496698
7877922117218369213113272671248842865939371467617411825957229227993782677584591914119929652693413118
5923951581694278834858559787566328923113793811653137937393293289559719731975566289167786973182263996
1482998311663789979156993816882997499771182616174673128219227992222186939811488172191154525193112592
7921545155782169121698269931336317185157468951395284865915979111857417298288741859245219637419293413
2175617798169787915114123773879617899939229185957518762822679452699894797319271811932325389399254153
5666952923289989585659259419921641197616799492271789999121355193237271392215961123988117953178127921
6514357436999373112681828595571563952997896858297295892998939272997559271573187782455298397979615185
9167799621779474998218175497261658985257292475651936999819283993979459935356229397631368884146937951
3121926985887554321997591769138518977998399747935872236549949735921351951771669787955894195198872131
2422173925461478818969584737952489531995998813797165584692849111194931987761875991896681148187733983
9987969687789221681726849529598922996831341159972761113983523829691833992747579636981899926698989237
6171354563334242319989717794896817688372823666348939297261192278894139484522284951235818827684989359
8891515991173293413343349494137119393261997195348888676699956182341781517918183993169151931819949156
8823194896356791363997494869781812537959872949676997552115564979894184428189911891731326877553112136
9299958168649372924692192886927991881779215282592911998999327715579599943291189742919311158969147798
1999396423898863195222128296917211963576111159963179729967222993818336324391296926947919849899511638
7835221281216931345738821376472611857776328213369962934118919835861675329942772374965411713684957972
9912259114599884633169991727372988842437328956911987968671161697449294691531121691628885771371438348
9961652484486486548329997391587199353813996679379179832723222488916948619566193982219945883129931798
5899544949494989789968779954546932194237933997969959829124131974487931265941228993163285757192522754
3479678496576291493914879898641691119282859415276999861267337254261711996767999739369928844271442737
1481784131758816716945157354859985139283182891929671348998299167679994475796519178926971157832999262
2579579992523471249895228396942519996233918849526498189426642699639921111152745991897429591999549397
2378693953687729245142175141669992799322975161681993719869964742494154569341349991199969418981928655
1344911524382492387259679197199773526361181112285962968918818589392526954341129566999918985719963564
9311179452367417321597319976898578322761116271959135699812647326719916811951966838814717688787581613
1269965327637848726381211585119682192914299671949719299885591164672928813952851621585857246291919378
3666918925563366388498936973892125949938198719949997148393568932321484731299797993748183458988143546
7961479381894625918379988547729262288819489992254987559193811984914198799851717766751818236549316596
9181194822691182482865527991248994929949895892511132137195899655311119232349459547992671688469784981
7895396943816859115127364741724178349854916139495594824798397929878577377189539319145319889592136748
4133739221428399291898549992272932953197121169591921196739571238379412986922938839829741713938911131
6988635588898761841539799169332153599667988919113984115311374346347587725952169454377453669955622969
9888192352369316847851984798955576792464856529258588619562533595932881258815747285829218186291691628
8911449552199239198392573838815981357891613919988475642958368241565414798196717499889442941499941959
4297158966878949929632891956129338487932767213538199727433339983599199317871999181211175939719141145
3387721313739845241971989147822531979132288378898919921742999368471928951485481969199827919974186949
9892211523471633929646942127892939281819169266948298899667838517844579141612759324961885139119714261
9482439993911868494669559819231639712748793897621618717995867682282218186937994345561519344191926769
8369681282333199713679994855936899321763458895758289995459614818391919899779888556993195159611323518
4996197176972121287771218855191719955298166113773111192111121917278142191893993145989523568856192571
1357779736344432944913376169439156817637675147356825761165269118691127596126429917114689282958538828
1858142999698847529591656874319626329436999932777129639819114922311233661976294893495416228985991383
1969894159521516638897474399689391719514775291996367461813199628293441598625151987194566976892681869
3987862511151398597252489133518218431923671229973332154342788462897293857399799384971284894496689236
9854779953262796879895158126928953688331815231386397725958911114918972855957198189611255837158997793
9126186712893992728219117299861327857895488369946916139156142321919727916267899299961876799511977348
2971481288458198738526916335939869662921399799929391647481711153139398289736256288912897966869837859
8197731317886499328849772529639111742928687138937175597191647599828188472223229264741499589229978999
1984355172417479335659919151749179619719974295199321849996293616836119479434895762471671439595392444
7512861928974482865998945877494759911916978915813571219468271636293417785921521944976919293885978989
1494159826471488241965364182146948684142785894572841335974773936911622349534724119489374611197275486
8195599236199953696295599897277219277688787271189387541291481581759964281862289692811882959467835171
4985187713445997395266826296277942895664915921991179311912739479984114724145661697159431389988688938
1749529221387993199551362649819192589618736546811975996192768855499498838921191981137867138989929897
2321395614449721318999457738893285991357991937749967169819379166112844719494141783116984947999997171
1239282511991298431921162499927179871829941813989782998396139391854921999889416856452475822812779818
1987898484191177987199986815342837183185138821796981991249714839388383983614974644359691979496951598
8195693913588195321251985218492832162788217451817157966865816919479587191599893161626969527911998196
8616391986912313328592959849419758719529117391793962281569659321178313848139279987253594296391435222
7199892962573817799345191496147813884599192968847818169296898467728113731184927611793298926397585931
1948645414511382938885937269871812359486289679616351897115349742968371991394992322374394448599979919
1899967948921374159621318118467599569819989613392866971211715646264269412659494967959337373254971698
9759739948918617275163494659917948181922321691153498564618993575529623799992989173561364955696121386
8291929948387639192113983497868276177195515723926197129569197892875494169171675941829271948586299817
6916243987198539179486681576516139941519194322198687787339159665811127242911879414856479919178893229
6794896349285898429219358917397244949569129368958969911292919699848889166159182779318214988915878714
1831623258794878676986929792829198396714498577929446376692884118198159927913296892158987967972983938
8389841184357579116498345799418453825489231171224192688996117389469988916841995654994881297252721989
6816366883433998399991186841639594153863387489916419458977318969919645917126284781379616117199998812
3975339899972969842444565961128829896198898551859152218611611799878191696116111643295711343147586989
2199115111911736194332299624976188996923148114211398176679924614296689298361511479942149959984313376
5817197881291887482638262999917359428823549229138797746789956711789111382939961981744199431797485521
5533397199864281598498169721588459491573978165989199988919354766982929192296473895798668818714348957
9111387995292996614528133926791651223588397936711767839899269691993966591874918318879949912614799986
9956999992358992893174398917139976171612156192284799689177134618211771997793191476929439667299482763
3894441798164996681111947398944623826888384881731622418147877158627316928115517527994498941619259887
9989496699773646922999882466996731439456984839818616892916584592143588489872939137941695316137682541
1886968145524384741199214965897925165966691123172988412916511423648941351797911916372816387844452587
9981772947881292992712666867428936656281191316889944875771351781191611278697159129215845818198991927
9839986799867698714191282948188186975654994931268526968113472187114622215116928992953762299971268646
