5,1,4~8,1,4
7,8,114~8,8,114
3,2,311~3,2,313
3,9,140~5,9,140
7,8,292~8,8,292
2,5,214~4,5,214
4,5,273~6,5,273
3,9,279~3,9,279
6,0,239~6,1,239
2,3,23~2,5,23
2,8,208~2,8,210
3,1,51~3,3,51
7,8,126~8,8,126
0,4,252~0,7,252
0,3,233~0,4,233
2,5,79~3,5,79
0,9,313~2,9,313
4,6,184~7,6,184
7,7,120~9,7,120
5,4,31~5,7,31
3,9,158~5,9,158
4,8,92~6,8,92
0,3,187~2,3,187
7,1,324~9,1,324
6,9,120~9,9,120
3,4,217~6,4,217
6,3,243~9,3,243
9,7,192~9,8,192
0,5,328~0,8,328
5,2,21~5,3,21
6,9,78~8,9,78
2,4,193~2,6,193
3,2,256~3,5,256
0,9,95~3,9,95
4,2,125~4,4,125
3,6,303~3,9,303
6,3,285~6,7,285
1,4,227~4,4,227
2,1,206~2,3,206
4,4,114~5,4,114
5,9,119~5,9,121
1,7,38~2,7,38
8,0,176~8,0,176
0,0,3~2,0,3
7,0,7~7,1,7
4,0,277~7,0,277
9,8,40~9,9,40
4,5,187~4,6,187
3,6,274~3,7,274
0,4,171~0,6,171
8,4,267~8,5,267
4,3,124~5,3,124
3,3,223~3,5,223
9,1,36~9,4,36
0,8,222~3,8,222
0,6,127~0,8,127
5,5,103~7,5,103
2,2,182~4,2,182
4,6,185~4,7,185
7,6,252~7,6,255
3,9,88~5,9,88
3,9,116~5,9,116
9,5,245~9,5,248
1,0,48~4,0,48
1,3,123~3,3,123
1,6,60~1,9,60
6,1,287~8,1,287
3,2,87~3,4,87
0,3,302~0,5,302
3,2,325~5,2,325
2,5,325~4,5,325
5,1,321~7,1,321
6,2,245~8,2,245
2,9,91~4,9,91
4,2,181~4,4,181
4,6,142~4,8,142
9,5,103~9,7,103
3,4,229~3,4,232
3,1,106~3,3,106
4,8,87~7,8,87
2,7,248~4,7,248
2,1,130~2,1,131
7,2,221~7,4,221
4,1,134~4,3,134
4,6,233~5,6,233
7,1,103~7,2,103
6,3,283~8,3,283
6,2,57~8,2,57
2,5,51~2,7,51
4,8,173~4,9,173
0,6,284~3,6,284
3,3,14~3,6,14
1,0,142~1,3,142
0,4,305~0,6,305
1,0,257~1,0,260
3,7,184~3,9,184
5,5,261~5,8,261
5,6,223~5,6,223
1,5,156~4,5,156
9,3,98~9,3,100
8,3,256~8,6,256
0,2,143~1,2,143
5,2,20~5,4,20
2,0,325~2,1,325
4,0,60~6,0,60
1,6,119~1,8,119
2,7,76~3,7,76
4,9,272~5,9,272
1,3,259~4,3,259
6,4,113~8,4,113
2,1,119~4,1,119
9,5,159~9,8,159
4,2,274~5,2,274
3,2,39~3,4,39
3,3,12~6,3,12
5,2,273~7,2,273
4,4,249~6,4,249
3,2,193~3,2,194
3,8,213~5,8,213
8,1,100~8,3,100
8,6,5~8,9,5
0,3,128~0,5,128
2,4,129~2,5,129
3,8,248~5,8,248
0,3,299~0,4,299
0,8,133~0,8,135
2,1,267~2,3,267
9,7,283~9,8,283
2,1,205~2,3,205
5,0,278~8,0,278
7,3,199~7,7,199
1,0,324~1,1,324
0,2,149~0,2,150
7,8,129~9,8,129
7,3,245~8,3,245
8,4,245~8,6,245
3,5,177~3,7,177
4,8,199~7,8,199
5,1,82~5,2,82
5,1,211~5,4,211
1,6,219~1,8,219
2,8,286~2,9,286
9,6,280~9,9,280
7,0,167~7,1,167
3,6,6~4,6,6
9,1,90~9,4,90
1,5,244~1,5,247
7,4,191~7,6,191
9,5,93~9,6,93
3,2,94~3,5,94
6,7,118~6,9,118
2,0,322~3,0,322
4,9,308~7,9,308
6,6,182~6,7,182
4,2,165~5,2,165
1,3,320~1,6,320
1,7,133~1,9,133
3,6,121~3,9,121
6,1,6~9,1,6
6,5,254~7,5,254
6,0,318~6,3,318
4,7,309~4,9,309
2,4,206~5,4,206
3,5,103~3,7,103
9,7,286~9,9,286
2,7,167~3,7,167
3,0,299~3,1,299
2,2,31~2,4,31
5,3,225~7,3,225
4,4,89~4,5,89
2,5,138~2,7,138
3,0,133~5,0,133
6,1,243~8,1,243
5,2,30~7,2,30
4,4,113~4,5,113
2,0,58~5,0,58
3,5,218~3,7,218
3,9,39~5,9,39
6,6,299~9,6,299
5,1,123~5,1,123
2,4,197~2,6,197
2,1,184~4,1,184
4,0,46~6,0,46
2,4,123~2,6,123
0,4,75~0,7,75
2,4,266~3,4,266
5,2,216~6,2,216
4,5,154~7,5,154
4,8,191~6,8,191
3,4,140~3,5,140
8,8,33~9,8,33
2,0,78~2,1,78
9,6,318~9,6,321
9,4,87~9,7,87
0,7,2~0,9,2
5,2,293~7,2,293
6,1,219~6,1,220
9,4,158~9,4,160
4,1,20~5,1,20
5,3,277~5,5,277
6,2,126~9,2,126
2,6,222~5,6,222
4,1,44~7,1,44
5,0,321~9,0,321
6,2,255~8,2,255
4,9,242~5,9,242
3,9,227~6,9,227
3,3,263~5,3,263
9,0,131~9,1,131
2,3,253~2,5,253
6,7,7~6,9,7
1,4,276~1,7,276
6,4,266~8,4,266
9,5,27~9,6,27
3,5,21~3,6,21
6,7,18~8,7,18
6,2,280~7,2,280
8,6,219~8,8,219
1,5,26~1,5,28
8,0,108~8,1,108
1,5,267~3,5,267
0,8,329~3,8,329
6,1,162~6,4,162
7,1,327~7,4,327
6,3,50~6,3,50
0,3,261~1,3,261
2,0,158~2,3,158
1,0,71~1,1,71
6,0,237~6,1,237
6,7,30~9,7,30
4,7,222~4,9,222
6,3,139~8,3,139
0,1,144~2,1,144
2,0,266~2,0,269
6,6,79~7,6,79
6,8,291~9,8,291
7,7,105~8,7,105
7,2,129~9,2,129
6,9,237~6,9,239
7,0,44~8,0,44
6,4,319~6,5,319
5,7,167~5,8,167
2,2,299~2,3,299
9,5,323~9,6,323
3,7,36~3,9,36
1,5,237~3,5,237
6,7,229~8,7,229
2,1,200~5,1,200
7,2,128~8,2,128
7,6,209~9,6,209
8,3,191~8,5,191
8,4,40~8,7,40
1,7,94~2,7,94
8,0,69~8,0,70
1,3,270~3,3,270
6,8,272~8,8,272
1,7,68~1,9,68
7,2,259~7,5,259
5,6,258~7,6,258
3,6,214~3,8,214
1,7,233~1,9,233
4,2,236~6,2,236
8,0,242~8,3,242
5,5,190~9,5,190
8,3,320~8,4,320
5,6,89~7,6,89
2,3,265~2,6,265
8,4,309~8,7,309
4,7,202~4,9,202
3,2,319~3,4,319
0,5,239~2,5,239
1,4,262~1,6,262
5,2,270~7,2,270
9,3,4~9,5,4
3,5,225~3,7,225
0,6,72~0,8,72
4,1,110~4,5,110
0,8,176~3,8,176
8,3,257~8,4,257
3,4,124~6,4,124
5,2,151~5,5,151
6,0,259~6,2,259
7,5,264~7,7,264
0,8,138~2,8,138
6,4,35~6,6,35
8,9,290~8,9,292
6,1,16~8,1,16
1,4,58~1,6,58
1,9,217~4,9,217
2,7,314~4,7,314
7,1,286~7,3,286
0,5,121~0,6,121
1,4,258~1,4,259
0,3,296~2,3,296
4,5,264~4,7,264
1,3,184~4,3,184
7,2,36~8,2,36
7,2,48~7,4,48
3,7,115~6,7,115
8,8,131~8,8,134
5,5,280~6,5,280
1,2,78~1,2,79
2,7,290~2,9,290
7,1,28~9,1,28
7,5,106~7,5,108
2,0,248~2,3,248
3,4,295~5,4,295
7,4,238~9,4,238
9,3,316~9,6,316
8,2,114~8,4,114
0,0,55~0,1,55
1,3,249~3,3,249
6,6,187~6,8,187
3,8,77~6,8,77
7,5,177~9,5,177
0,5,120~2,5,120
7,9,194~7,9,196
0,0,8~3,0,8
7,1,61~7,4,61
9,6,277~9,9,277
0,2,198~0,4,198
8,1,276~8,3,276
1,7,272~4,7,272
2,4,242~2,7,242
5,1,156~5,3,156
0,5,168~0,7,168
2,4,19~2,6,19
1,5,60~2,5,60
4,1,210~6,1,210
6,9,154~8,9,154
2,0,52~2,2,52
6,4,320~6,5,320
1,0,81~3,0,81
2,6,217~4,6,217
5,4,96~7,4,96
1,3,97~4,3,97
1,3,302~2,3,302
6,1,172~7,1,172
5,2,50~7,2,50
7,3,272~7,3,273
0,7,210~2,7,210
2,3,134~2,5,134
5,1,191~5,3,191
8,4,130~8,6,130
7,6,256~7,8,256
4,7,232~6,7,232
1,2,206~1,5,206
2,6,219~4,6,219
7,6,131~9,6,131
5,6,288~5,8,288
3,7,282~4,7,282
6,5,112~8,5,112
6,5,113~7,5,113
8,6,39~8,7,39
6,7,125~6,7,128
9,6,109~9,7,109
0,1,112~2,1,112
1,7,288~3,7,288
1,8,1~4,8,1
3,1,9~3,4,9
2,1,5~2,1,7
4,2,295~7,2,295
7,7,308~7,7,310
1,0,280~3,0,280
1,4,63~1,5,63
1,5,115~4,5,115
7,4,10~9,4,10
5,0,43~5,2,43
1,0,118~1,0,119
4,7,114~4,9,114
3,3,212~6,3,212
4,2,164~4,4,164
4,7,316~6,7,316
4,2,282~7,2,282
5,7,145~5,8,145
5,2,105~5,4,105
4,9,178~7,9,178
3,3,260~3,4,260
3,6,302~5,6,302
8,0,209~8,2,209
7,4,86~7,5,86
1,0,61~1,4,61
8,6,128~9,6,128
5,6,85~7,6,85
3,8,234~6,8,234
9,6,211~9,8,211
3,7,70~3,9,70
4,5,160~6,5,160
7,0,66~8,0,66
6,0,134~6,2,134
2,5,324~4,5,324
7,1,201~7,2,201
0,0,317~0,1,317
1,6,170~1,8,170
5,6,11~7,6,11
7,6,116~9,6,116
0,4,23~0,4,27
5,7,34~7,7,34
1,3,21~3,3,21
0,1,179~3,1,179
2,9,190~2,9,191
7,9,1~7,9,3
8,5,119~8,7,119
3,7,278~5,7,278
6,4,248~8,4,248
6,2,178~6,3,178
4,6,24~4,9,24
6,5,90~6,6,90
1,3,324~3,3,324
6,6,114~7,6,114
8,1,69~8,2,69
7,1,124~7,3,124
3,7,22~5,7,22
7,5,83~9,5,83
5,9,278~7,9,278
5,0,198~5,0,199
0,0,213~0,1,213
1,1,8~2,1,8
2,0,196~3,0,196
0,6,213~0,8,213
9,6,215~9,8,215
7,4,274~7,6,274
5,3,159~7,3,159
8,5,192~8,5,193
7,3,167~7,4,167
1,1,2~4,1,2
3,9,148~5,9,148
2,0,228~2,2,228
9,2,251~9,5,251
7,9,289~9,9,289
7,1,237~7,4,237
2,9,152~3,9,152
9,6,292~9,7,292
5,9,224~6,9,224
7,1,42~8,1,42
4,9,301~4,9,303
3,0,302~6,0,302
5,3,232~5,6,232
1,3,203~3,3,203
2,0,49~2,2,49
1,4,23~1,5,23
0,0,214~0,1,214
1,3,1~1,3,2
6,3,202~8,3,202
1,6,283~1,8,283
3,0,137~6,0,137
7,2,223~9,2,223
4,1,216~6,1,216
6,5,296~7,5,296
0,7,175~3,7,175
3,1,254~3,2,254
5,2,300~5,5,300
9,4,25~9,7,25
0,5,132~0,7,132
3,8,270~6,8,270
5,2,63~7,2,63
8,4,270~8,5,270
1,8,33~4,8,33
0,5,166~3,5,166
4,4,298~4,7,298
2,1,241~3,1,241
3,6,63~5,6,63
6,5,60~6,7,60
6,9,256~8,9,256
5,7,85~5,9,85
7,6,301~7,8,301
3,6,163~3,7,163
7,4,102~7,7,102
8,3,54~8,4,54
7,6,16~9,6,16
7,8,210~7,9,210
5,5,213~7,5,213
9,1,264~9,1,266
2,8,306~3,8,306
7,2,70~8,2,70
4,1,230~4,4,230
2,4,6~4,4,6
6,7,266~9,7,266
2,9,146~2,9,149
2,3,137~2,4,137
4,1,122~6,1,122
3,1,205~3,5,205
0,8,59~3,8,59
0,5,125~0,7,125
2,9,269~4,9,269
1,0,194~1,0,195
5,1,214~6,1,214
1,4,277~3,4,277
5,9,173~5,9,175
6,2,261~6,2,263
4,8,35~4,9,35
2,4,298~2,6,298
3,3,234~3,5,234
4,5,279~4,8,279
0,2,235~0,5,235
9,8,10~9,8,13
8,9,161~8,9,163
1,1,229~1,4,229
5,2,33~7,2,33
1,6,87~2,6,87
5,2,199~9,2,199
0,2,306~2,2,306
5,2,18~7,2,18
3,8,144~3,8,145
3,7,269~5,7,269
6,1,269~6,4,269
4,6,94~6,6,94
1,3,241~1,6,241
2,1,25~2,3,25
2,7,120~5,7,120
4,5,161~4,8,161
3,3,293~3,3,293
0,0,306~2,0,306
4,2,187~4,3,187
3,2,190~3,5,190
6,4,112~8,4,112
6,5,223~7,5,223
2,6,220~2,6,221
3,2,273~3,4,273
3,2,13~3,4,13
1,9,308~2,9,308
1,6,16~3,6,16
3,8,26~6,8,26
7,7,100~9,7,100
0,6,248~1,6,248
7,2,53~7,2,54
9,1,258~9,1,260
3,0,21~4,0,21
1,7,216~3,7,216
7,7,78~7,8,78
6,5,217~7,5,217
4,7,283~5,7,283
8,7,275~8,7,278
1,0,63~1,3,63
9,1,269~9,3,269
2,3,245~2,7,245
3,4,32~5,4,32
7,4,254~9,4,254
0,6,25~2,6,25
1,4,115~3,4,115
9,2,127~9,3,127
3,3,226~6,3,226
2,5,316~5,5,316
6,7,9~6,9,9
5,6,73~8,6,73
2,7,73~2,8,73
9,4,187~9,6,187
3,3,101~3,3,104
4,4,228~5,4,228
9,6,39~9,7,39
2,8,225~3,8,225
1,1,75~1,4,75
6,7,98~6,8,98
7,9,173~7,9,174
1,5,167~1,7,167
2,6,286~2,6,288
2,3,118~4,3,118
7,3,205~7,7,205
6,6,76~6,6,78
3,5,55~5,5,55
0,5,18~1,5,18
7,0,168~7,0,170
8,5,217~8,8,217
4,3,148~4,3,148
3,3,89~3,3,91
6,7,61~6,9,61
3,9,220~5,9,220
3,3,276~3,4,276
7,7,19~7,7,22
0,9,187~3,9,187
7,0,42~9,0,42
8,2,15~8,2,17
0,1,314~2,1,314
4,5,80~4,6,80
6,3,309~8,3,309
8,1,171~8,4,171
8,7,53~8,8,53
5,1,170~6,1,170
2,0,254~2,2,254
5,6,289~5,6,291
0,1,203~0,3,203
2,9,24~3,9,24
0,6,227~1,6,227
0,2,78~0,5,78
1,5,53~3,5,53
8,7,286~8,9,286
8,8,262~8,8,264
3,0,52~5,0,52
0,0,1~3,0,1
6,7,231~8,7,231
5,7,240~5,9,240
1,6,195~4,6,195
3,6,244~3,8,244
0,5,159~3,5,159
2,1,60~2,3,60
4,2,53~6,2,53
1,2,175~1,5,175
8,4,44~8,6,44
1,1,321~1,3,321
4,4,44~5,4,44
8,5,31~9,5,31
9,4,184~9,8,184
0,0,79~0,2,79
4,0,112~4,2,112
2,7,275~2,9,275
7,7,313~9,7,313
0,9,143~3,9,143
4,5,163~4,8,163
7,7,271~8,7,271
6,2,265~6,4,265
1,5,48~4,5,48
8,1,178~8,3,178
9,6,289~9,8,289
3,6,201~4,6,201
1,5,216~1,6,216
8,7,43~8,9,43
2,6,66~4,6,66
6,2,290~6,4,290
7,1,256~7,1,258
2,2,156~4,2,156
0,0,182~0,2,182
6,8,288~8,8,288
4,9,147~7,9,147
4,1,146~4,4,146
3,6,141~3,9,141
8,0,65~8,2,65
3,1,221~6,1,221
3,3,275~5,3,275
4,4,77~4,6,77
0,6,74~0,9,74
9,4,106~9,6,106
2,3,108~4,3,108
3,2,88~4,2,88
7,3,15~7,6,15
8,7,1~8,7,3
1,5,16~3,5,16
5,6,112~7,6,112
2,6,164~2,8,164
2,4,274~3,4,274
9,8,317~9,8,318
1,6,84~4,6,84
5,4,74~5,6,74
0,6,230~0,8,230
8,7,260~8,8,260
1,6,273~1,7,273
8,0,179~9,0,179
7,1,214~7,1,217
4,6,330~4,8,330
2,7,77~2,9,77
6,5,286~7,5,286
6,1,23~8,1,23
3,1,197~3,2,197
2,4,321~2,6,321
5,3,165~7,3,165
3,6,297~6,6,297
1,1,182~3,1,182
2,3,292~6,3,292
3,5,238~3,7,238
2,0,188~5,0,188
6,4,38~6,5,38
2,9,278~3,9,278
3,1,26~4,1,26
4,5,22~5,5,22
2,0,265~2,2,265
6,6,329~6,9,329
8,1,13~8,4,13
3,0,117~3,1,117
8,9,104~8,9,104
0,2,37~4,2,37
1,3,297~1,3,299
2,2,28~5,2,28
6,9,148~7,9,148
3,5,19~5,5,19
6,1,43~6,3,43
9,8,96~9,9,96
0,0,259~0,1,259
2,2,310~3,2,310
4,6,65~4,8,65
9,6,8~9,9,8
2,1,281~2,1,283
4,9,121~4,9,122
6,0,108~6,1,108
7,0,121~7,2,121
7,2,97~9,2,97
4,0,4~4,1,4
3,7,328~5,7,328
1,4,323~1,5,323
9,3,180~9,5,180
4,4,149~6,4,149
0,7,179~1,7,179
3,1,6~5,1,6
3,4,286~3,7,286
0,8,237~1,8,237
9,0,210~9,2,210
3,0,95~3,2,95
3,2,77~3,5,77
8,2,201~8,2,204
1,4,52~1,7,52
0,7,190~2,7,190
1,2,300~1,6,300
0,5,240~0,5,242
7,2,19~7,4,19
9,7,14~9,9,14
2,3,100~3,3,100
6,6,16~6,8,16
6,3,175~8,3,175
1,5,101~3,5,101
9,7,212~9,7,212
0,6,26~0,9,26
1,3,138~1,5,138
6,8,31~6,8,33
3,1,60~5,1,60
6,0,48~6,0,50
3,9,253~6,9,253
0,0,205~0,2,205
6,4,29~6,7,29
2,3,16~4,3,16
2,7,36~2,9,36
1,3,255~1,5,255
9,0,43~9,0,44
3,3,298~3,3,299
3,0,53~4,0,53
4,2,3~7,2,3
1,5,280~1,8,280
3,7,117~5,7,117
0,8,234~0,9,234
3,1,58~3,3,58
6,2,46~9,2,46
8,5,246~8,7,246
5,0,30~8,0,30
0,0,142~0,3,142
1,3,162~1,5,162
2,1,269~5,1,269
0,9,193~2,9,193
2,8,131~4,8,131
0,6,77~0,8,77
1,4,113~2,4,113
3,5,243~3,7,243
4,8,143~6,8,143
2,6,272~3,6,272
0,7,326~3,7,326
4,2,56~4,5,56
0,7,233~0,9,233
8,1,20~8,3,20
1,0,197~1,0,198
5,1,194~7,1,194
4,2,121~4,4,121
1,6,242~1,6,245
6,0,215~6,2,215
1,6,70~3,6,70
1,0,116~1,2,116
1,8,63~3,8,63
3,9,327~3,9,330
6,6,277~6,9,277
6,3,170~8,3,170
8,4,244~8,6,244
0,4,142~0,5,142
1,8,204~1,8,207
2,2,260~2,5,260
2,5,295~2,6,295
0,3,141~2,3,141
3,0,275~3,1,275
5,9,41~7,9,41
1,0,199~1,0,201
7,0,130~9,0,130
1,1,330~1,3,330
0,8,130~2,8,130
3,5,178~4,5,178
4,8,263~7,8,263
0,2,103~3,2,103
7,2,271~7,4,271
4,9,73~7,9,73
2,5,215~5,5,215
9,2,253~9,5,253
8,6,124~8,6,126
3,2,322~4,2,322
1,0,9~2,0,9
8,6,134~8,7,134
2,0,271~4,0,271
4,3,261~4,5,261
9,5,6~9,6,6
6,6,188~9,6,188
0,5,56~2,5,56
1,7,222~1,7,224
0,1,106~0,3,106
0,2,189~0,2,191
4,5,75~4,6,75
1,4,24~1,6,24
3,4,75~3,6,75
7,7,197~7,9,197
2,5,246~2,7,246
4,0,120~4,3,120
5,2,210~5,5,210
6,6,305~6,6,308
3,6,123~3,7,123
6,4,94~8,4,94
6,8,35~8,8,35
8,5,183~8,6,183
5,4,266~5,5,266
1,7,149~3,7,149
3,6,291~3,6,293
2,8,228~4,8,228
6,7,21~6,7,21
2,1,30~2,4,30
4,7,86~4,9,86
4,1,79~7,1,79
0,6,88~1,6,88
9,5,242~9,5,242
3,6,27~5,6,27
3,1,279~3,3,279
8,4,92~8,6,92
5,9,326~7,9,326
6,7,145~6,8,145
3,2,276~3,2,278
0,6,180~0,8,180
0,3,144~2,3,144
1,4,118~1,7,118
3,6,137~3,6,139
2,0,111~2,4,111
7,0,125~9,0,125
7,7,274~9,7,274
5,7,46~8,7,46
5,3,28~5,6,28
6,4,62~6,6,62
5,3,309~5,4,309
2,5,294~5,5,294
5,4,176~6,4,176
8,0,40~8,2,40
5,0,197~5,2,197
6,5,287~7,5,287
0,2,236~0,4,236
8,7,102~8,9,102
6,4,315~6,4,316
6,2,208~9,2,208
2,4,13~2,6,13
2,8,245~4,8,245
8,6,284~8,8,284
0,0,207~0,1,207
3,8,165~7,8,165
3,5,200~3,8,200
6,6,19~9,6,19
0,3,22~1,3,22
6,6,325~6,9,325
3,2,104~6,2,104
3,0,49~3,1,49
7,8,310~7,9,310
4,3,328~4,5,328
0,1,2~0,3,2
3,2,129~3,5,129
4,3,19~4,4,19
9,4,29~9,7,29
4,9,81~5,9,81
3,4,264~5,4,264
2,9,72~4,9,72
6,6,49~6,7,49
3,7,325~3,9,325
6,4,219~7,4,219
0,5,59~0,6,59
6,3,232~8,3,232
5,9,11~5,9,14
5,1,272~7,1,272
6,2,212~8,2,212
5,8,258~7,8,258
0,0,50~1,0,50
5,1,76~5,4,76
6,8,303~7,8,303
2,0,304~2,3,304
5,1,222~8,1,222
2,0,251~6,0,251
3,1,294~3,3,294
1,7,131~1,9,131
1,1,225~4,1,225
4,4,222~5,4,222
0,8,187~2,8,187
6,2,55~8,2,55
3,6,19~3,7,19
7,3,125~8,3,125
8,0,27~8,2,27
3,0,298~3,2,298
2,8,284~2,8,284
2,1,250~4,1,250
0,3,200~3,3,200
0,7,71~2,7,71
0,5,50~1,5,50
3,6,322~3,9,322
4,8,68~6,8,68
3,6,134~3,9,134
7,6,151~7,9,151
4,4,223~4,4,225
8,5,312~8,8,312
1,7,186~1,9,186
0,2,47~4,2,47
5,0,59~8,0,59
5,7,294~6,7,294
4,4,127~5,4,127
0,7,129~0,7,129
6,1,62~8,1,62
5,1,290~7,1,290
0,3,164~0,5,164
6,8,112~8,8,112
0,8,173~0,9,173
1,2,218~1,3,218
2,0,83~2,1,83
0,2,185~0,2,186
2,7,91~4,7,91
4,7,4~4,8,4
0,8,202~3,8,202
3,5,289~3,6,289
6,1,255~9,1,255
8,4,36~8,6,36
0,0,260~0,2,260
4,8,113~7,8,113
3,5,320~5,5,320
6,5,17~6,8,17
1,3,327~3,3,327
8,0,173~8,3,173
4,8,37~5,8,37
3,0,120~3,0,123
4,9,310~4,9,312
2,0,272~5,0,272
4,9,155~7,9,155
4,5,95~6,5,95
1,7,188~5,7,188
0,7,55~2,7,55
3,1,239~3,3,239
2,3,160~2,4,160
2,2,262~2,4,262
5,2,301~8,2,301
2,1,185~4,1,185
1,2,100~1,5,100
1,9,237~1,9,239
3,0,237~3,3,237
5,3,328~7,3,328
7,4,7~9,4,7
5,5,70~5,8,70
5,9,221~6,9,221
6,0,33~8,0,33
9,3,244~9,6,244
2,4,179~5,4,179
1,3,112~3,3,112
1,3,217~3,3,217
2,5,320~2,7,320
3,2,209~3,5,209
3,4,3~3,7,3
7,2,59~7,4,59
9,0,269~9,0,271
7,5,314~7,5,316
8,5,211~8,7,211
4,9,234~6,9,234
2,9,137~5,9,137
9,4,40~9,4,41
3,1,259~3,1,261
5,6,76~5,8,76
2,3,220~5,3,220
2,0,146~2,2,146
1,4,290~1,6,290
5,6,295~5,8,295
7,5,155~9,5,155
4,9,170~7,9,170
5,6,214~5,8,214
6,5,64~8,5,64
3,2,131~6,2,131
1,2,49~1,3,49
8,2,240~8,5,240
8,4,215~8,7,215
6,5,226~6,6,226
0,8,172~2,8,172
3,7,181~3,7,183
0,3,18~3,3,18
3,4,211~3,6,211
4,6,299~4,9,299
8,3,216~8,4,216
9,4,85~9,6,85
0,3,308~0,3,310
6,9,11~6,9,13
2,2,110~2,4,110
9,2,283~9,4,283
4,7,275~7,7,275
7,2,119~7,4,119
3,6,146~4,6,146
7,1,102~9,1,102
4,3,92~4,5,92
0,0,183~2,0,183
0,3,35~0,3,37
0,8,6~0,8,10
0,6,225~2,6,225
6,6,87~6,7,87
2,9,305~5,9,305
2,6,267~2,8,267
5,4,4~6,4,4
3,7,319~3,9,319
0,2,193~0,2,195
6,7,69~6,9,69
0,0,215~0,0,217
1,1,311~1,4,311
0,6,286~0,8,286
9,4,281~9,6,281
5,1,192~6,1,192
3,4,60~3,7,60
6,7,89~6,9,89
4,9,143~4,9,145
7,3,178~7,3,179
7,1,125~7,1,126
2,7,310~4,7,310
9,0,268~9,3,268
4,0,15~4,3,15
5,1,311~5,3,311
0,5,251~0,8,251
6,8,220~8,8,220
0,6,323~1,6,323
6,2,279~8,2,279
7,6,22~8,6,22
2,7,292~2,9,292
6,7,258~9,7,258
5,2,15~5,5,15
1,3,121~2,3,121
9,1,105~9,2,105
3,7,68~3,9,68
5,5,156~5,5,157
4,3,79~4,4,79
3,5,118~5,5,118
8,6,213~8,8,213
0,2,109~0,3,109
7,4,22~7,4,25
2,6,269~2,8,269
5,4,293~7,4,293
9,3,156~9,5,156
8,1,67~8,4,67
7,1,47~7,1,47
1,2,15~3,2,15
6,6,330~6,8,330
6,1,167~6,1,169
8,6,281~8,8,281
9,2,318~9,4,318
6,7,323~9,7,323
0,0,53~0,1,53
0,4,139~3,4,139
1,9,235~3,9,235
1,0,319~3,0,319
6,0,136~6,3,136
0,1,69~2,1,69
1,8,4~1,8,6
9,8,36~9,8,38
9,4,3~9,6,3
0,1,208~0,3,208
4,9,8~7,9,8
6,4,51~8,4,51
5,3,319~5,7,319
3,6,246~3,7,246
6,4,66~8,4,66
7,8,130~9,8,130
8,6,257~8,6,258
5,1,164~7,1,164
4,6,30~4,7,30
0,4,123~0,6,123
6,3,224~8,3,224
6,5,174~8,5,174
6,8,115~6,9,115
3,8,300~5,8,300
6,8,223~8,8,223
7,2,64~7,4,64
1,0,178~1,2,178
6,5,162~6,7,162
4,4,209~4,7,209
7,4,262~7,7,262
2,0,127~2,2,127
3,0,252~3,1,252
7,3,82~7,6,82
9,2,95~9,5,95
6,0,276~6,3,276
3,2,211~4,2,211
7,2,131~7,2,132
1,2,258~1,3,258
0,7,277~1,7,277
4,9,10~7,9,10
3,3,271~3,4,271
9,4,121~9,4,121
2,3,227~4,3,227
5,6,292~5,8,292
8,5,122~8,7,122
1,5,287~1,7,287
2,1,122~2,2,122
2,0,194~4,0,194
3,1,207~6,1,207
0,4,255~0,4,255
6,3,311~6,6,311
9,3,118~9,6,118
6,3,2~8,3,2
0,3,230~2,3,230
5,8,190~7,8,190
6,4,215~6,5,215
7,7,161~9,7,161
2,8,115~5,8,115
2,3,131~5,3,131
2,6,72~4,6,72
8,0,290~8,3,290
8,5,90~9,5,90
1,4,324~2,4,324
7,1,106~7,3,106
5,1,225~5,2,225
5,1,305~7,1,305
5,7,306~7,7,306
3,4,318~3,8,318
0,6,288~0,6,288
2,2,190~2,5,190
0,6,28~0,8,28
6,6,47~6,8,47
2,3,57~2,5,57
3,5,31~3,6,31
5,4,2~8,4,2
0,0,125~2,0,125
1,4,27~1,4,27
1,8,178~2,8,178
3,5,86~3,7,86
6,8,327~8,8,327
8,4,97~8,7,97
0,9,61~2,9,61
2,6,57~3,6,57
0,8,179~2,8,179
9,6,121~9,7,121
4,7,77~6,7,77
5,8,95~7,8,95
1,7,173~2,7,173
1,9,314~1,9,314
2,3,44~4,3,44
0,1,4~0,1,5
1,0,114~3,0,114
3,0,130~3,2,130
7,4,109~7,8,109
6,0,252~6,2,252
3,5,313~3,7,313
3,7,239~5,7,239
1,5,81~2,5,81
3,6,197~5,6,197
9,6,90~9,8,90
5,4,231~5,5,231
6,7,2~6,7,4
6,2,39~8,2,39
4,3,162~4,6,162
2,5,319~2,7,319
0,5,317~2,5,317
4,2,43~4,5,43
5,2,6~6,2,6
7,3,234~7,4,234
1,4,172~1,6,172
1,0,72~3,0,72
1,0,256~2,0,256
7,6,125~7,8,125
9,6,94~9,8,94
6,1,212~7,1,212
5,1,7~6,1,7
3,0,300~3,3,300
5,5,166~5,5,167
6,3,173~6,5,173
1,3,73~1,6,73
6,6,186~8,6,186
9,2,200~9,3,200
5,1,2~7,1,2
7,9,158~9,9,158
7,5,179~7,6,179
4,5,293~7,5,293
8,0,244~9,0,244
7,6,207~7,8,207
3,3,84~3,4,84
0,8,281~2,8,281
3,2,185~3,3,185
1,4,180~3,4,180
6,9,74~6,9,75
9,4,98~9,6,98
7,6,247~8,6,247
5,4,36~5,6,36
5,1,304~5,3,304
2,4,9~2,4,11
6,2,313~6,4,313
7,0,280~7,0,282
3,6,281~5,6,281
1,1,309~1,3,309
7,2,116~7,4,116
5,5,109~5,5,110
3,8,216~3,9,216
2,6,205~2,8,205
7,3,305~7,5,305
1,5,210~1,6,210
4,3,283~5,3,283
1,6,212~1,6,215
4,7,317~6,7,317
1,2,209~1,5,209
2,6,165~5,6,165
3,0,7~3,1,7
6,3,49~8,3,49
2,1,222~4,1,222
5,4,322~5,6,322
0,4,329~0,6,329
6,4,271~6,6,271
9,6,315~9,8,315
1,1,256~1,3,256
1,0,191~3,0,191
1,2,17~2,2,17
0,6,183~3,6,183
3,2,35~6,2,35
7,6,76~7,8,76
4,5,139~4,7,139
5,8,30~8,8,30
8,1,25~8,2,25
3,2,153~6,2,153
2,1,77~5,1,77
4,6,22~6,6,22
3,7,201~3,9,201
3,7,93~3,9,93
1,5,199~3,5,199
2,6,134~2,9,134
2,7,54~2,9,54
7,8,192~7,9,192
5,2,107~5,5,107
1,3,99~1,5,99
0,2,104~0,5,104
1,7,3~1,8,3
3,1,18~5,1,18
7,1,40~7,2,40
2,6,181~2,8,181
1,7,239~1,8,239
4,0,113~4,0,115
5,2,181~8,2,181
8,2,107~9,2,107
7,0,71~7,2,71
5,4,163~5,6,163
3,8,266~7,8,266
7,3,171~7,6,171
6,5,290~6,5,291
6,5,191~6,7,191
2,8,311~2,9,311
3,6,189~5,6,189
2,8,137~4,8,137
2,4,127~2,6,127
3,3,54~3,3,57
5,7,298~5,7,298
1,4,174~1,6,174
0,4,22~2,4,22
6,3,3~6,5,3
7,4,173~7,4,175
7,1,229~7,4,229
1,6,54~3,6,54
7,3,312~7,6,312
5,5,34~7,5,34
0,2,214~3,2,214
4,2,34~5,2,34
6,6,250~7,6,250
4,0,18~4,0,18
8,1,263~9,1,263
7,5,241~9,5,241
4,3,301~7,3,301
2,2,46~2,4,46
2,5,177~2,7,177
2,0,186~3,0,186
6,6,303~8,6,303
8,6,228~8,7,228
2,3,293~2,5,293
8,3,227~8,6,227
8,5,2~8,6,2
3,3,215~4,3,215
5,4,269~5,6,269
4,2,207~4,4,207
3,0,278~3,0,279
3,2,296~3,4,296
8,3,38~8,4,38
4,7,321~6,7,321
2,4,248~2,4,250
4,1,256~6,1,256
5,4,164~5,6,164
7,1,195~7,2,195
9,3,110~9,5,110
7,0,72~7,2,72
1,5,136~4,5,136
4,2,40~6,2,40
0,4,228~3,4,228
6,9,230~8,9,230
6,6,167~6,9,167
3,5,208~5,5,208
8,8,46~8,8,49
2,1,32~5,1,32
2,2,51~2,4,51
9,1,39~9,1,41
3,8,32~5,8,32
7,0,128~7,0,128
3,1,22~3,4,22
4,7,83~5,7,83
2,1,117~2,4,117
4,4,226~7,4,226
0,0,12~3,0,12
4,6,286~6,6,286
2,7,179~5,7,179
9,6,191~9,9,191
1,4,254~3,4,254
5,6,181~9,6,181
7,2,225~8,2,225
9,2,226~9,4,226
0,2,325~2,2,325
3,6,67~3,7,67
4,4,287~6,4,287
5,1,228~5,3,228
6,9,255~8,9,255
8,5,42~8,7,42
2,2,309~2,5,309
7,7,214~7,7,216
0,4,173~0,6,173
7,5,186~8,5,186
7,0,124~8,0,124
3,4,82~3,6,82
4,5,297~5,5,297
3,5,241~4,5,241
3,8,307~3,9,307
2,1,280~3,1,280
4,7,315~4,8,315
9,0,3~9,0,3
2,2,126~4,2,126
4,3,208~4,3,209
3,4,30~3,6,30
1,9,293~2,9,293
7,6,268~7,7,268
4,4,144~4,6,144
2,2,324~5,2,324
5,0,261~8,0,261
2,6,97~2,8,97
2,1,191~2,2,191
7,1,329~7,2,329
0,6,162~3,6,162
0,1,211~0,3,211
9,3,108~9,5,108
1,8,66~2,8,66
3,7,143~3,7,146
4,3,272~6,3,272
3,7,94~5,7,94
5,1,229~5,1,231
9,4,34~9,5,34
3,3,46~3,6,46
8,8,50~9,8,50
1,1,66~1,3,66
5,2,256~7,2,256
4,7,267~4,9,267
0,1,147~0,4,147
0,9,118~4,9,118
1,8,2~1,8,2
2,0,148~3,0,148
4,1,273~5,1,273
5,6,303~5,7,303
6,4,194~8,4,194
1,8,242~1,8,245
1,8,189~3,8,189
1,8,57~2,8,57
3,6,89~3,8,89
5,3,134~5,3,138
7,2,251~7,5,251
7,9,82~7,9,84
4,4,231~4,4,231
7,9,157~8,9,157
5,9,233~7,9,233
0,1,257~3,1,257
2,4,124~2,6,124
0,3,307~0,4,307
7,3,160~7,3,161
9,4,38~9,6,38
0,0,186~1,0,186
6,5,308~8,5,308
7,1,273~8,1,273
8,3,286~8,3,288
9,4,257~9,6,257
2,2,217~4,2,217
6,6,27~6,8,27
5,6,250~5,9,250
4,6,212~4,8,212
7,6,128~7,7,128
0,7,208~2,7,208
0,5,161~0,7,161
5,5,324~6,5,324
6,1,105~8,1,105
5,6,71~5,8,71
4,1,303~4,3,303
8,6,99~8,6,99
9,6,22~9,7,22
0,5,176~0,7,176
0,8,118~3,8,118
3,6,267~5,6,267
8,7,248~8,8,248
7,7,131~9,7,131
7,5,212~7,7,212
9,8,293~9,8,295
7,8,225~7,8,228
5,2,206~8,2,206
1,8,231~3,8,231
5,1,262~7,1,262
4,6,223~4,6,224
2,6,21~2,9,21
4,1,24~4,5,24
0,3,34~2,3,34
8,9,1~9,9,1
8,4,34~8,7,34
5,6,92~5,6,93
3,3,306~7,3,306
9,1,7~9,1,9
6,0,275~6,2,275
1,7,220~4,7,220
7,6,137~9,6,137
6,8,128~8,8,128
4,0,57~4,2,57
0,8,67~2,8,67
8,5,287~8,6,287
6,0,36~6,0,38
6,0,234~6,3,234
6,4,318~8,4,318
5,7,123~7,7,123
2,6,9~5,6,9
0,7,184~2,7,184
3,7,80~5,7,80
3,3,316~6,3,316
7,9,81~8,9,81
4,3,323~4,6,323
4,8,78~4,9,78
5,1,110~5,3,110
8,8,52~8,9,52
4,3,119~6,3,119
0,7,284~2,7,284
0,9,146~1,9,146
2,6,324~2,6,325
5,5,58~7,5,58
1,0,122~1,1,122
7,3,304~7,5,304
6,4,220~6,6,220
2,0,316~2,2,316
3,4,219~4,4,219
3,2,59~3,2,61
0,0,57~0,2,57
6,4,98~8,4,98
3,5,88~5,5,88
0,7,323~2,7,323
4,3,280~6,3,280
2,4,322~3,4,322
7,5,125~9,5,125
4,0,304~4,2,304
0,8,3~0,9,3
6,6,14~7,6,14
6,1,298~6,3,298
0,4,199~0,6,199
2,2,188~5,2,188
