[#.#..#] (1,3) (3,4) (0,3,5) (1,2,3,4) (0,2,5) (0,1) (2,5) {44,35,48,43,24,44}
[#######..] (1,5,6,7,8) (2,5) (0,1,2,3,5,8) (0,1,2,5,7) (1,2,3,4,7) (3,4,6,7) (1,3,4) (1,2,3,4,6,8) (8) (0,1,2,3,4,5,6) {36,103,79,85,68,62,43,60,168}
[#..#.#..##] (0,3,4,5,6,9) (1,5,8,9) (0,5,8,9) (2,4) (0,1,3,5,6,7,8,9) (1,3,4,7,8) (1,2,4,6,7,8,9) (2,3,4,5,6,7,8,9) (1,2,3,4,6,8,9) {30,56,58,75,79,52,77,53,76,81}
[#.#.] (0,1,2,3) (0,2) {25,9,25,9}
[..##] (1,3) (0,2) (1,2,3) (0,3) (3) {22,169,31,198}
[######..] (1,2,3,5) (1,2,3,6,7) (2,4,5,7) (2,3,4,5,6) (0,1,2,7) (0,1,2,4,5,6,7) {17,46,55,34,19,28,35,41}
[####..#.] (1,3,4,5) (0,1) (0,1,2,4,6,7) (0,7) (0,1,2,5,6) (0,1,2,3,4,6,7) (0,1,2,5,6,7) (0,1,3,5,7) (1,2,3,4,5) (1,4,5,7) {48,77,29,36,45,45,25,30}
[##.#.] (2,4) (1,2,3) (1,2,4) (0,1,4) (0,1,2) {125,156,48,17,148}
[#.###.#..] (0,5,6,7,8) (4,6,7) (1,2,3,6,7,8) (2,3,5,8) (0,3,4,8) (0,1,2,4,7,8) (1,5,6) (2,3,8) (0,1,3,5) (0,3,4,5,6,7,8) {46,41,49,66,36,53,59,64,76}
[##.#] (0,1,3) (0,2,3) {11,3,8,11}
[##...####] (1,8) (0,3,4,5,6,7,8) (2,4) (0,1,2,5,6,7) (0,1,3,7,8) (0,1,3,4,6,7,8) (2,5) (0,1,2,4,5,6,7,8) {63,62,45,39,55,42,57,63,57}
[.##.....#] (0,5,6,7) (2,5) (0,2,4,5,6,7) (2,3,4,5,7,8) (0,3,4,5,6,8) (0,1,6,7) (1,4,8) {164,135,44,36,66,71,164,162,50}
[.#..] (0,1) (1,2) (0,1,2) (1,3) (0,2) (1,2,3) {44,76,73,32}
[##..##] (0,1,3) (4) (0,1,3,5) (0,4,5) (1,2,3,4) (1,5) (2,3,4) {27,32,12,27,25,39}
[#.####.] (2,3,4,6) (2,5) (0,1,2,4,5,6) (0,1,2,4,5) (0,2,3,4,5) (0,1,3,5,6) (5,6) (0,3,4,5,6) {61,52,67,37,57,87,63}
[#..#..] (2) (0,3) (1,3,4,5) (0,2,4,5) (0,2,3,4,5) {44,10,34,34,41,41}
[.#.#] (1,2) (0,2) (0,1) (1,3) (3) {37,37,27,11}
[#..#.#.#.] (3,5,7,8) (1,3,4,5,6,7) (0,1,2,3,4,5,7,8) (0,1,4,6) (2,5) (0,1,2,3,4) (1,4) (0,7) (0,4,7) (0,2,3,4,5,7) {61,45,30,171,65,164,6,190,155}
[#..#.#..] (2,3,5,6) (0,2,5) (0,2,3,4,5,6,7) (1,4,5,6,7) (0,4,5,6,7) (0,6) (0,4,5) (0,1,2,3,5,7) {60,33,47,34,45,84,63,58}
[....#...#] (2,5) (3,4,5) (0,5,7) (1,2,3,5,8) (1,3,5,6,7,8) (2,3,5,6) (0,2,3,4,5,8) {30,4,48,39,18,73,20,20,17}
[###.##] (1,3,5) (0) (0,2,3) (1,3,4,5) (1,2,4) (1,3,4) (1,2) {16,42,28,44,18,24}
[.##.#] (2,4) (0,2,3,4) (0,2,4) (0,1) (0,1,3) {45,17,166,23,166}
[#.##...] (1,3,4,5,6) (1,3) (0,5) (0,1,2,4,5,6) (2,3,5) {16,7,14,15,3,27,3}
[..#.###.#.] (1,6,8) (1,2,3,4,6) (1,4,7,8) (1,2,3,4,5,6,9) (6,7,9) (1,2,3,5,6,8,9) (0,1,3,5,8,9) (0,1,2,4,5,8,9) (5,6,8,9) (0,9) (1,2) (2,4,5,7) (1,3,4,5,7,8,9) {29,286,259,227,83,256,242,61,260,263}
[...#..#..] (2,6,8) (0,1,4,6,7) (0,1,5,6,7) (0,1,2,4,5,6,7) (0,1,3,7,8) (0,2,3,5,6,7,8) (4,5,8) (2,3) (3,6) {128,118,34,29,112,24,129,128,23}
[.#..#.] (0,2,4) (0,1,2,3) (0,1,3,4,5) (0,1,2,3,5) (0,2,3,4) (2,5) (3,4,5) (1) {50,35,66,53,34,48}
[#.##.#.#..] (0,4,5) (0,1,2,4,5,6,7,8) (2,4,6,7,9) (1,2,3,6,7,8) (0,5,6,7) (1,3,4,5,6) (1,4,5,8,9) (1,3,6) (1,3,4,9) (0,1,4,8) (2,5,9) {44,49,174,26,188,56,200,187,35,150}
[#..#...] (0,3,4) (0,4,5) (0,5) (0,3) (1,2,3,5) (0,6) (2,4) {36,1,11,14,23,24,0}
[..#.#....] (2,3) (2,3,5,7) (0,1,4,6,8) (0,2,3,5,8) (8) (1,2,6) (3,7) (0,2,4,5,8) (2,4) (2,3,5) (1,2,4,5) {29,5,63,45,20,48,5,17,33}
[###.#.] (0,1,4) (0,2,3,4,5) (0,1,2,3) (0,2,4,5) (1,2,3,4) (0,3) (0,1,2,5) {189,174,65,63,165,30}
[.#...#] (0,4) (1,5) (2,3,4,5) (0,1,2,3,5) (0,2,3) {29,29,150,150,129,154}
[.#.#...] (0,1,4,5,6) (1,2,4,5,6) (0,2) (0,3,4,5,6) (0,4,6) {37,30,19,13,52,43,52}
[..###] (2,3,4) (0,3) (2,3) (0) (1,2) (1,2,3,4) (0,1) {37,13,10,27,4}
[.##..] (0,2,3) (1,3,4) (1,2) {7,7,12,9,2}
[#...] (1,2,3) (2) (2,3) (1) (0,2) (1,3) {10,44,46,50}
[...#.###] (1,6,7) (0,1,4,5,7) (3,5,6,7) (0,1,2,4) (3,6) (3,5) (1,2,4) (1,3,4,7) (1,2) (0,3,4,6,7) {34,68,28,40,51,29,23,45}
[..#####...] (1,2,5,6,9) (0,1,3,5,6,7,8,9) (1,4,5,8,9) (3,4,7,8) (7) (4,5,6) (0,9) (1) (0,1,2,3,5,6,7,8,9) (0,1,2,5,6,7,8,9) (1,2,4,5,6,7,9) {40,77,50,26,26,66,62,52,44,70}
[.....#] (0,4,5) (0,1,5) (1) (0,3,4) (0,1,2,3) (0,1,3,4,5) (2,3) (3) {42,41,13,50,28,22}
[.#....###] (1,3) (1,6,7,8) (1,4,5) (2,4,5) (0,1,2,3,5,6,8) (6) (0,1,2,3,4) (1,2,3,4,5,8) (3,6,7) (0,1,3,5,7,8) (0,2,3,7) {61,63,73,86,45,51,36,39,39}
[...###] (0,1) (0,2,4,5) (0,1,4) (0,1,4,5) (0,2,3,5) (3) {42,21,21,17,22,23}
[#.##.] (0,2) (1,3,4) (0,2,3) {10,14,10,23,14}
[#..##] (1,3,4) (0,2,3,4) (0,2) (4) (1,2,3,4) (3,4) {27,14,37,47,53}
[.#####.#.#] (0,1,2,3,4,6,7,9) (1,9) (6,7) (1,2,3,4,5,6,7,9) (0,1,2,3,4,7,9) (0,1,2,3,4,5,7,8,9) (2,5,6,8,9) (2,8) (0,1,2,3,4,5,6,7,9) (0,3,7,9) (1,2,3,4,7,8) {42,63,71,58,56,33,53,73,24,66}
[.#.#.#..] (0,1,2,4,6,7) (0,1,2,3,5,6,7) (2) (0,2,3,5,7) (1,5) (2,4) (0,2,4,5,6) (2,5,7) (2,3,4) {39,19,86,27,63,48,30,30}
[####..#] (2) (0,3,4,5) (4,5) (0,1,2,3,6) (0,2,3,6) {29,6,24,29,20,20,10}
[#.##.#] (3,4) (0,2,3,5) (1,2,3,4) (2,3) (0,5) (3,4,5) {20,1,25,41,17,25}
[####....##] (0,1,2,3,4,7,8,9) (0,1,3,6,7,9) (3,4,5,6,7,8,9) (1,3,8) (0,1,2,3,4,5,7,9) (0,6,8,9) (0,1,2,3,4,5,6,9) (4,6,7,8,9) (0,2,5,8) (0,2,5,6,7,9) (2,3) (0,1,2,5,6,8,9) {91,63,79,79,67,64,81,70,80,101}
[....#.##..] (1,8,9) (0,1,2,3,4,5,6,8) (0,1,3,4,5,6,7,8) (1,4,6,7,8,9) (1,3,4,6,7) (2,3,4,7) (3,4,5,7) (0,2,5) {21,58,27,58,71,33,41,66,47,30}
[#.##..#] (2,6) (0,1,5,6) (2,3) (0,2,4,5,6) (0,1,3,6) (1,2,5,6) {41,29,42,26,13,31,55}
[#######] (1,2) (1,2,3,4,6) (0,2,3,4,6) (0,1,4) (1,3,4) (1,6) (0,2,3,5,6) (4,6) (0,5) {46,64,43,30,40,29,55}
[####..#] (0,1,3,5,6) (0,2,4,6) (1,2,3,4,5) (0,3,5) (0,1,2,3,6) {37,13,26,20,21,15,30}
[.##....#..] (0,1,2,3,5,7,8,9) (0,2,4,5,6,7,8,9) (0,1,2,3,4,5,9) (3,4,6,7,8,9) (0,7,8) (1,2,3,4,6,7,9) (1,2,3,4,5,8) (3,9) (0,2,4,5,6,9) {51,38,59,49,41,56,25,37,39,65}
[#...] (0,1,2) (0,1) (1,3) (2,3) {32,47,140,140}
[...#.] (2,3,4) (3,4) (0,3) (0,1,4) (1,2,3) {20,18,205,227,195}
[####.] (1,3,4) (0,1,2,3) (2) {14,34,31,34,20}
[.###] (1,2,3) (0,1,2) {1,1,1,0}
[...#.#.#] (0,1,3,6,7) (0,2,3,4,6) (4) (3,4,5,7) (0,2,3,5,7) (2,3,4,5,6,7) (1,4,5,6) (1,2,3,4,5,6,7) (1,2,3,4,5) {22,19,47,59,58,55,38,43}
[#..##.] (2,3,5) (0,2,3,4,5) (1,2,3) (0,1,3,4,5) {14,13,33,33,14,20}
[##.#..###] (0,1,2,6,8) (4,6,8) (2,3,7) (0,1,2,3,5,6,7) (2,3,4,6,7,8) (0,1,3,4,5,8) (0,6,7,8) (1,2,5) {30,212,250,51,34,207,64,63,51}
[..###.#...] (0,1,4,6) (0,1,2,6,7,9) (0,1,4,6,7) (1,3,4,5,6,8,9) (0,1,2,4,6,7,8,9) (3,5,6) (4,9) (0,1,7,9) (3,5,6,8,9) (1,3) (0,1,8) {49,60,19,32,48,32,71,44,29,71}
[.....#..] (2,5,7) (0,2,3,5,6,7) (1,2,3,4,6,7) (1,2,6) (0,6) (0,2,3,6) (4) (0,1) {37,21,26,19,24,10,38,14}
[###.####.] (1,4,5,6,7,8) (0,1,2,4,8) (0,2,5,8) (0,1,4,7,8) (2,6,7) (2,5,7) (4,6,7) (0,1,2,3,4,5,6,7) {19,24,46,2,24,30,24,40,26}
[...##] (4) (0,3,4) (0,1,3) (0,1,4) (1,2,4) (1,2) (0,2,3) {38,54,27,20,48}
[##.#.##.] (1,4,7) (1,2,3,7) (0,1,2,6,7) (0,2,5,6,7) (1,2,3,4,6,7) (0,1,3,4,5) (0,1,2,4,7) {38,57,35,33,39,19,14,40}
[#.###] (1,3,4) (0,2,4) (2,4) (0,3) (0,1,2,3) (1,4) {34,33,28,48,31}
[.##..#.#] (0,1,2,3,6,7) (2,3,4,7) (0,1,2,3,4,6,7) (1,3,4) (4,6) (2,4,5,6,7) (0,3,4,5) (0,2,5,6,7) (0,2,3,4,5,7) {67,47,173,178,174,40,60,173}
[#.#.#] (0,3) (0,1,2) (1,2,3) (2) (1,4) {13,31,38,28,6}
[..#..##...] (0,4,5,6,7,9) (1,3,7) (4,5,6,7,8) (0,1,3,4,6,7,8) (0,3,4,5,8,9) (1,3,6,8) (0,7,8) (0,1,2,3,5,6,7) (0,1,3,9) (2,3,7) {90,67,23,95,51,55,56,87,63,50}
[#####.##.] (0,1,7) (1,2,3,4,5,6,7,8) (0,1,2,5,7) (1,2,3,4,6) (0,1,8) (0,3,4,5,6,8) (1,2,3,5) (2,4,7,8) (0,1,3,6,8) {46,75,41,47,36,24,45,29,41}
[...###..#] (0,2,3,7,8) (0,1,2,4,6,8) (0,1,2,3) (2,3,4,5,7) (0,2,3,5,6,7,8) (0,1,2,3,4,6,7) (2,4,5,6,7,8) (0,1,2,3,5) (2) (0,2,4,5,7,8) (1,2,3,5,6) {80,66,103,78,44,47,45,51,40}
[.#....#.] (0,3,4,5,7) (1,3,5,6,7) (1,3,4,6) (1,2,3,5,7) (0,4,6) (2,3,5,6) (0,5,7) (0,1,3,4,5,6) (0,1,5) (1) {63,247,23,241,51,253,237,223}
[..#.####.] (0,1,2,3,5) (0,1,6) (1,3,4,5,6,7,8) (1,4,5,6,7) (2,8) (1,3,4,6,7,8) (1,2,3,5,6,7) (1,2,3,4) (0,2,3,5,8) {11,38,41,32,18,26,19,19,17}
[####.##.] (0,1,2,3,5,6) (1,2,3,5,6,7) (0,1,2,4) (4,6) (0,3,5,6,7) (0,1,2,3,6,7) (1,3,4,5,6) (3) (0,1,3,4,5,7) (0,1,2,3,4,6) {71,59,42,87,43,53,67,37}
[##.#] (0,1,3) (0,2,3) {25,17,8,25}
[.#.###] (1,3) (1,3,4,5) (0,2,3,5) (0,2,3,4) (1,4) {10,42,10,36,33,21}
[.#..####..] (0,1,2,3,4,7,8,9) (0,2,4,5,6,8,9) (0,2) (0,4,5,6,8) (0,1,2,5,6,7,8,9) (4,7) (1,4,5,6,7,8,9) (1,3,4,6,8,9) (0,1,2,3,4,6,7,9) (0,1,2,3,5,6,8,9) (0,8,9) (1,4,7) {103,79,81,53,92,67,94,63,90,89}
[#...####.] (0,3) (2,4) (1,6,8) (5,7) (2,3) (1,2,3,5,6) (0,1,2,5,7,8) (0,2,4,5,6,7,8) (0,1,3,6,7) {59,38,54,47,36,28,50,45,35}
[..#.#] (0,1,3) (2,4) (1,3,4) {19,34,19,34,34}
[##.##..] (1,2) (1,3,4,5,6) (0,1) (0,3,4) (3,4,5,6) (4,6) (0,3) (0,4,5) (2,6) {36,34,10,46,47,41,36}
[##.#..#] (0,1,4) (0,1,2,3,5) (2,5,6) (0,2,3,4,5) (0,1,5) (0,2,5,6) {238,210,33,16,204,47,17}
[#.#..#.#.] (6,7) (0,1,2,4,5,6,7) (0,2,3,4,5,6,7,8) (0,1,2,3,5,6,8) (0,1,2,5) (0,3,4,6) (2,5,6,8) (0,1,2,5,6,7) {60,34,52,32,32,52,72,36,24}
[###..] (0,3) (1,2,4) (2,3,4) (0,1) (4) (0) (1,2) {14,40,57,30,43}
[#####..] (0,6) (2,5) (0,1,2,4,5,6) (0,1,2,4,5) (2,3,4,6) (3,5) {18,4,31,9,13,22,25}
[.#.###] (0,3,4,5) (0,2,3,4,5) (0,1,2) (0,1,3,4,5) {42,22,16,27,27,27}
[###..] (1,4) (0,1,3) (0,3,4) (1,2,3,4) (4) (1,2,4) (1,2) {6,16,9,6,18}
[...#...] (0,1,2,5) (0,1,2,3,4,6) (1,3,4,6) (3,4,6) (4,5,6) (1,2,5) (1,2,3,4,6) {31,60,56,34,51,48,51}
[.#...] (3) (0,4) (0,2,3,4) (0,3) (0,3,4) (1,4) (0,1,2) {177,139,144,42,56}
[.#..##.##.] (0,1,2,3,4,5,6,7,8) (0,2,3,4,7,8,9) (0,1,2,3,4,6,7,8) (1,2,3,8,9) (1,4,6,8) (0,4,6,8,9) (0,4,5,6,9) (0,1,2,3,4,5,6,7,9) (4,6,7,8) (2,3,4) (5,7) (0,1,4,5,6,8) {73,47,39,39,100,50,86,38,59,52}
[##.#####..] (0,1,2,4,5,7,8,9) (0,1,2,3,4,5,8,9) (0,1,2,3,4,5,6,7) (1,4,5,7) (0,1,2,3,4,5,6,8) (3,5,6,7,8) (0,1,2,3,4,7,8,9) (0,6) (5,7) (0,1,2,3,4,5,6,9) {61,57,54,54,57,44,37,31,44,30}
[..#.] (0,3) (0,2,3) (0,1,3) {44,19,13,44}
[..##] (1,2,3) (0,1) (0,1,2,3) {4,4,0,0}
[#.#.] (0,1) (0,3) (0,1,2) (2) (0,2) (0,2,3) {65,31,47,16}
[#...] (1) (2,3) (0,1,3) (1,3) (0,1) {21,43,10,27}
[#.#..] (3,4) (1,2) (0,2,4) (0,2,3,4) {141,4,145,19,158}
[.#..#.#..] (1,4,6) (0,1,4,5,6,7,8) (0,3,4,5,8) (1,2,4,7) (3,7) (0,1,2,5,6,7,8) (0,2,7) (3,5,6,7,8) {59,58,43,33,55,53,57,82,53}
[..#...#] (0,3,5) (1,3) (0,1,3,4,5) (2,3) (0,1,2,3,4,5) (1,2,5,6) (2,6) (0,2,3,4,5,6) (0,1,2,3,6) {32,20,40,49,8,22,21}
[...####] (0,4,5) (0,1,2,3,4,5) (0,2,4,5,6) (2,3) (2,5) (0,1,3,4,5,6) (1,2,3,4,6) {24,18,39,20,31,44,20}
[#.#.] (0,1,2) (2,3) (0,3) (3) (1,2) {21,14,33,30}
[#.###] (2) (0,3) (0,3,4) (0,2,4) (1,2) (0,1,2,3) {26,24,41,24,9}
[.#.###] (1,2,3,5) (0,4,5) (0,2) (1,3,4,5) {159,25,14,25,170,179}
[..###.#.] (1,5,6,7) (0,2,3,7) (0,2,5,7) (0,2,4) (0,1,2,3,5,6) (0,1,3) (0,2,3,5,6) (0,4,5) {49,23,43,28,9,33,21,39}
[#..###.] (0,3,6) (4,5,6) (0,1,3,6) (4,5) (0,1) (1,2,4,5) (0,1,5,6) (0,2,3,4) {43,57,16,5,36,55,24}
[.#..#] (0,1,2,4) (1,2,4) (3) (1,4) {4,24,20,15,24}
[#..#.###.] (1,2,3,4,5,6,8) (0,1,2,3,5) (0,2,4,6,7,8) (0,1,2,4,5,6,8) (5,7) (0,2,6,7) (0,1,2,3,4,6,7,8) {47,29,49,21,35,22,42,37,35}
[.##.#] (0,2,3,4) (0,3,4) (2,4) (0,1) (0,1,2,3) (1) {50,24,33,42,38}
[#.#######.] (1,9) (0,2,5,8,9) (2,5,6,9) (4,6,7,8) (0,2,4,5,6,7,8,9) (1,2,3,5,6,7,8,9) (0,1,3,5,6,7,8,9) (0,2,9) (0,2,3,4,6,9) (2,4) (0,8,9) (0,4,6,8,9) (5,7,8,9) {84,34,64,38,223,56,232,210,252,116}
[..##..##..] (3,5) (6,8) (1,3,7,9) (1,2,5,6,7,8,9) (1,2,4,5,6,8) (2,5) (0,2,3,4,5,6,9) (1,4,5,7,8) (3,6,7,9) (1,9) (1,2,3,4,5,8,9) (1,4,5,8,9) {8,76,54,60,43,82,54,39,66,79}
[.#.#..##..] (1,2,9) (2,4,6) (0,1,2,5,6,7,8,9) (0,2,3,4,6,8) (0,1,2,3,5,8) (5,7,8) (1,5,7,8,9) (0,4,5,6,7,8) {38,42,43,13,15,46,29,33,46,29}
[#######...] (2,4,5,6,7) (1,3,9) (0,2,7) (8) (1,7,8) (0,2,3) (0,2,4,8,9) (0,1,3,7) (4,7,9) (4,5,6,9) (1,5) (1,3,4,7,8) (1,4,7) {37,223,40,26,63,197,22,84,36,37}
[.....#] (0,1,2,3,5) (4,5) (0,2,3,5) (0,1,4) (0,1,2,3) (1,4,5) {20,20,14,14,33,41}
[.#..#.#.#.] (0,1,3,4,6,7) (0,1,3,4,6,7,8,9) (0,7) (2,3,4,5,6,8,9) (0,3,4,9) (0,3,4,5,8,9) (2,4,5,6,7,8,9) (1,3,5,7) (0,1,3,4,5,6,8,9) {253,214,26,251,259,64,230,241,227,239}
[...#.#] (0,1,2,4,5) (0,1,3,4,5) (0,1,4) (1,2,5) (3,5) {19,24,5,12,19,17}
[..#..#.#] (1,2,3,4,6,7) (1,4,6,7) (4,5) (0,6) (1,3,7) (1,2,3,5) (0,2,3,4,5,6,7) {27,21,8,12,25,8,44,28}
[#.####....] (0,1,3,4,5,7,8) (0,1,2,4,5,6,9) (0,1,2,3,4,9) (0,2,6,7,8) (2,8) (0,1,2,4,5,6,7,9) (2,5,6,8) (0,1,5,6,7,9) {71,57,76,30,44,54,55,43,58,44}
[..##.##..] (1,2) (0,1,3,4,6,7,8) (0,1,8) (0,1,3,4,5,8) (1,5) (0,2,5,6,7) (5,6) (0,1,2,3,5,6,7) (2,4,6) (3,4,5,8) {57,81,29,40,41,54,33,26,47}
[#..###...#] (3,4,9) (1,2,3,4,6,7,9) (0,1,3,4,5,6,7,8) (2,5,6,9) (0,1,9) (5,6) (2,3,4,5,6,8,9) (0,1,2,3,4,5,6) (6,7,9) {39,45,19,40,40,47,68,39,26,48}
[..##] (1,3) (0) (0,2,3) (2,3) {4,9,14,23}
[#...] (0,1) (0,2,3) (2,3) {27,15,24,24}
[#..####] (0,3,4,5,6) (1,5,6) (0,1,2,3,5) (1,2,3,4,6) (1,2,4) (0,1,2,3,4,5) {147,25,23,152,154,149,142}
[#.##] (0,2,3) (1) (0,1,3) (1,2) {9,44,19,9}
[##..#.] (0) (1,4) (1,2,3,4,5) (4,5) (0,1,3,5) (0,2) (1,3,4) {13,34,22,21,47,30}
[####..] (0,1,5) (1,3) (0,2,4,5) (2,3,4,5) (3,4) (0,1,2,3,5) (1,2) (1,3,5) {186,49,191,48,193,207}
[###.#...] (0,2,3,4,5) (1,3,5) (0,1,4,6) (0,1,2,4,6,7) (1,5,6,7) (0,1,2,4,5,6) (2,7) {204,209,31,30,204,33,192,17}
[.#.....##] (0,7,8) (1,2,3,4,5,7) (0,1,3,5,6,7,8) (3,4,5) (0,2) (0,3,4) (1,7,8) {28,41,9,46,30,37,16,44,35}
[#..#.##] (0,1,2,3) (1,2,3,5) (0,2,5) (0,3,5,6) (0,5,6) (1,3,4,6) (0,1,2,3,4,6) (2,6) {62,46,36,65,21,49,59}
[......####] (1,2,4,5,6,7,8,9) (5,9) (2,3,4,5,6,8) (1,5,8) (0,2,9) (4,5,6,8) (1,4,5,7,8,9) (5,6,7) (0,2,3,4,6,7,8) (0,1,3,4,6) {32,64,42,44,78,69,65,35,75,32}
[.#####.##.] (0,3,4,5,6,7,9) (0,1,3,4,5,6,7) (5,6,7) (0,1,2,3,4,7,8,9) (1,7,9) (1,4,5,6) (0,1,2,6,7,8,9) (0,1,2,3,6,7,8) {60,61,43,41,37,26,57,62,43,40}
[....##..] (0,1,3,7) (1,4,5,6,7) (4,5) (0,1,2,3,6,7) (2,3,4,5,6) (1,2,3,6,7) (0,1,2,3,4,7) (0,1,4,5,7) {56,76,41,58,62,45,44,76}
[#.##.##] (1,2,3,4,5) (0,4,6) (1,3) (0,2,3,4) (2,3,4,5) (1,4) {171,53,174,191,210,19,16}
[###.....#] (0,4,5,6,8) (1,2,3,4,5,7,8) (0,1,3,4,5,8) (1,2,8) (6,7) (2,3,5,6,7) (1,2,4,6,7,8) (0,1,2,8) (0,1,4,5,6,7) (0,1,4,6,7) (7,8) {33,66,64,40,56,56,55,60,63}
[...##...] (2,3,4) (2,3,4,6) (2,3,4,5) (0,2,4,6) (0,1,2,3,6,7) (1,6,7) {21,10,165,147,162,10,155,10}
[#.#.] (0,2) (1,2,3) {11,19,30,19}
[###..##.] (1,4,7) (0,7) (1,2,3,4,5,6) (0,1,2,3,5,6) (1,2,3,4,5) (1,2,3,5,6,7) (0,6) (1,2,3,4,5,7) (1,3,6) {44,70,57,64,39,57,52,44}
[##.###] (2,4) (0,2,3,5) (0,1,3,5) (5) (1,4) (0,3) (1) (0,1,2,3,5) {64,45,39,64,21,57}
[######.] (1,2,4,5,6) (0,1,4,6) (0,3,4) (2,4) (0,1,3,6) (2,3,5,6) (0,2,3) {15,15,27,22,22,19,32}
[#.#.] (2,3) (0,3) (0,1) {188,183,11,16}
[#.###..] (0,1,2,4,6) (2,6) (0) (1,2,3,4,5) (1,4,5,6) (1,5,6) (1,2,4,5,6) (0,4) (2,5) {20,52,46,17,54,49,44}
[##......##] (1,2,4,5,6,7,8,9) (1,2,3,5,6,9) (1,2,3,4,5,7,8,9) (0,1,2,5,7,8) (1,5,8) (1,5,7,8) (2,4) (0,2,3,4,6,7,8,9) (0,3,5,8) (0,1,3) (0,3,4,5,7,8) (0,4,5,7) (2,6,7) {68,75,64,63,69,86,29,88,87,26}
[#.##.#.#..] (0,1,2,3,4,5,7,8,9) (0,4,7,8) (0,6,7,8,9) (0,2,3,4,5,7,8,9) (0,1,3,4,5,6,8,9) (0,1,3,4,5,7,8) (5,6,8) (0,1,8,9) (3,7) (0,3,4) (0,2,3,8,9) (1,2,4,6,7) (0,1,2,3,4,5) {54,25,24,59,51,56,24,62,67,25}
[.###] (1,2) (1,2,3) (0,2,3) {13,185,198,23}
[##.#.] (0,1,2,4) (0,1,3) (1,2,3) (0,1,2) {203,216,48,181,17}
[#.###.##] (0,1,3,4) (0,1,2,3,5,7) (1,2,5,6,7) (3,4,7) (0,2,4,5,6,7) (0,2,6) {11,11,19,18,19,15,16,30}
[#.##.] (2,3,4) (0,2,4) (2,4) (0,3,4) (0,1,2) (0,2) {46,14,60,17,37}
[.###] (3) (1,2,3) (0,2) (2) (0,3) (0,1) {39,31,54,28}
[###..] (0,1,4) (0,3,4) (0,2,3) (3,4) {160,131,20,30,141}
[.#..] (2,3) (1,2,3) (0,3) (0,2) {20,9,189,183}
[##..##] (0,1) (0,3,4,5) (1,3,5) (0,1,2,3,4) (0,3,5) (0,2) {70,25,21,44,27,35}
[####..####] (7,9) (4,7,8) (1,2,4,6,8) (0,1,3,4,5,6,7,8) (2,5,9) (0,1,3,5,6,7,8,9) (1,2,3,4,5,6,7,9) (0,1,2,4,7,8) (0,1,3,7) (0,1,2,3,6,8) {65,79,42,62,44,39,58,76,65,38}
[#.####.] (0,3,4,6) (0,2,4,5,6) (2,5,6) (2,4,6) (1,4,6) {11,20,179,10,39,171,209}
[#....#.] (0,5) (0,1,3,4,6) (0,2,3,4,5,6) (0,3,6) (0,1,3,4,5) (1,3,4,5,6) (4) (0,2,3,4) {36,209,13,226,240,220,205}
[#.##] (1) (0,3) (1,2) (1,3) (0,2) (2,3) {19,39,41,22}
[###.#.] (0,1,5) (2,3) (0,1,2,4) (0,3,4,5) {37,26,16,11,27,21}
[..##.##.] (2,4,5,6,7) (2,3,5,6) (0,2,4,6) (2,3,6) (1,2,4,5,7) (2,3,5,6,7) {19,18,75,36,39,44,57,30}
[.#.#....] (1,2,5,6) (0,2,3,4,5,7) (0,4,6,7) (6,7) (0,7) (0,1,2,6,7) (2,3,5) {45,25,58,33,26,47,47,59}
