0:
#..
##.
###

1:
###
.#.
###

2:
..#
###
###

3:
#.#
###
##.

4:
#..
##.
.##

5:
###
#.#
#.#

41x36: 23 31 20 25 24 32
43x40: 44 39 46 52 41 42
38x50: 28 34 37 37 34 22
38x48: 30 38 24 27 27 45
49x47: 54 57 45 65 59 74
39x43: 40 52 48 37 47 35
44x44: 32 24 34 33 33 39
41x50: 30 38 42 31 25 41
41x35: 22 23 24 29 21 24
46x44: 49 58 70 60 40 31
46x36: 26 32 34 27 30 31
44x38: 38 46 48 47 40 37
35x47: 40 45 41 41 39 46
48x41: 51 47 44 51 39 68
35x40: 38 40 36 39 29 32
36x40: 41 35 30 35 43 40
42x35: 36 41 38 36 40 36
47x50: 60 48 65 57 61 71
48x37: 54 43 46 52 36 41
49x38: 52 48 55 44 40 46
36x46: 34 51 34 53 39 42
38x43: 37 43 45 42 39 44
43x42: 34 32 35 26 35 34
35x37: 34 31 31 35 34 35
44x47: 50 53 45 54 57 60
50x42: 35 38 39 33 44 34
43x48: 39 31 31 36 48 39
35x44: 19 33 23 34 17 28
44x49: 33 35 34 39 36 47
48x39: 28 46 35 32 34 32
43x48: 75 57 55 35 49 49
45x46: 56 50 46 52 60 57
45x36: 38 47 46 38 48 34
42x42: 56 42 56 44 30 41
50x41: 26 43 38 39 34 28
40x37: 43 33 42 33 36 41
45x43: 30 41 34 35 31 39
36x39: 30 26 32 21 25 21
49x46: 29 48 43 44 41 34
46x41: 42 53 51 52 53 40
42x50: 50 60 52 63 51 46
46x42: 41 42 42 24 28 33
48x37: 41 41 48 57 35 48
48x45: 49 50 43 28 34 36
36x45: 26 30 27 33 33 31
42x38: 25 36 29 27 24 27
35x50: 50 48 40 46 40 45
48x41: 49 47 56 51 44 54
36x48: 45 48 35 44 47 48
44x37: 19 28 26 33 29 33
41x35: 33 38 34 43 31 40
37x50: 53 48 50 52 42 39
35x44: 38 23 31 18 23 21
37x39: 40 35 33 32 35 47
45x38: 31 31 37 32 27 22
39x40: 26 28 33 29 26 27
37x43: 36 40 44 42 36 45
48x44: 40 39 34 43 37 31
49x43: 35 30 47 30 48 34
38x46: 47 50 41 51 33 44
40x44: 49 48 36 50 47 42
35x36: 35 33 28 25 37 38
36x50: 29 27 34 29 37 36
49x45: 60 49 56 60 63 54
43x50: 32 38 50 33 45 26
38x41: 43 35 43 44 45 32
50x44: 34 37 46 29 39 38
46x44: 44 31 28 41 36 30
44x35: 36 40 41 47 30 40
47x41: 38 59 51 44 49 54
35x48: 29 28 31 26 43 19
47x47: 55 56 63 58 54 53
48x50: 65 53 57 60 62 73
45x40: 37 29 29 37 31 31
44x43: 49 52 62 38 37 50
43x38: 27 22 34 27 25 32
47x40: 54 57 49 39 51 41
46x39: 34 27 27 35 34 37
35x43: 27 22 24 28 25 27
39x44: 25 34 34 23 27 39
40x36: 35 36 29 39 32 49
38x48: 35 50 64 40 42 47
41x38: 41 31 41 43 40 44
48x45: 28 42 40 44 45 40
41x46: 36 32 34 32 27 33
45x41: 33 26 28 41 32 35
42x38: 53 33 34 37 56 39
45x46: 58 59 58 51 44 47
44x45: 41 40 26 28 36 39
48x50: 35 50 41 38 47 44
41x44: 45 42 40 48 44 58
48x47: 33 34 41 39 40 53
42x48: 35 34 40 37 34 44
49x44: 63 51 55 50 69 49
48x43: 36 43 32 52 27 33
44x35: 35 40 44 40 37 40
50x37: 33 29 32 29 34 35
40x36: 44 33 39 34 34 38
36x37: 18 19 30 32 21 23
35x42: 27 20 34 25 24 23
42x46: 27 36 38 35 33 40
37x38: 27 23 19 24 22 29
48x49: 40 45 47 39 43 41
47x35: 32 29 30 24 25 25
43x41: 52 47 35 44 50 46
41x45: 46 55 43 51 47 42
36x50: 38 32 44 28 22 28
41x42: 28 24 29 43 34 23
43x45: 51 49 36 61 53 49
42x41: 35 28 26 34 26 32
50x41: 56 53 49 63 48 46
47x36: 27 29 29 31 28 36
49x42: 56 53 57 40 51 60
38x38: 46 47 23 40 35 32
41x47: 27 34 34 24 37 39
43x35: 36 37 49 36 33 39
48x44: 68 57 52 42 54 54
41x44: 54 46 45 43 54 39
38x38: 44 43 36 32 28 38
50x50: 78 60 61 64 57 65
36x36: 30 39 28 28 29 44
41x43: 24 28 35 34 33 28
36x49: 38 30 24 35 26 38
50x50: 60 54 75 63 67 66
43x45: 35 34 22 39 40 40
39x38: 24 22 28 30 22 30
50x47: 37 39 45 37 43 39
38x47: 28 25 29 34 25 39
37x35: 22 25 26 46 47 36
37x45: 31 30 30 29 35 25
49x40: 28 39 41 36 35 28
36x38: 31 43 28 36 42 32
36x40: 32 27 22 29 21 24
48x45: 42 42 36 41 43 35
50x41: 41 63 52 57 59 44
35x42: 19 35 28 29 25 17
47x38: 37 28 30 33 26 26
38x47: 28 30 29 27 35 31
48x38: 25 29 42 26 30 39
38x37: 36 35 44 36 45 23
39x47: 27 39 29 38 31 31
41x38: 34 32 28 14 32 15
38x45: 23 37 23 33 28 36
37x35: 26 22 18 19 31 16
40x39: 41 42 37 41 45 36
49x39: 30 30 26 46 40 36
37x39: 21 26 35 29 21 23
47x49: 61 65 61 63 56 48
45x47: 59 67 51 54 49 45
39x43: 39 55 36 46 44 38
43x36: 35 47 34 42 41 39
36x48: 42 42 44 56 42 39
43x50: 63 51 60 48 54 56
35x37: 33 43 37 25 35 27
42x44: 36 28 33 32 32 34
39x46: 31 42 28 31 37 25
38x50: 59 51 46 40 48 50
47x42: 47 61 49 37 63 50
47x45: 27 38 49 36 35 39
42x38: 30 26 29 31 29 23
35x49: 32 31 31 32 30 19
48x40: 51 44 62 52 36 47
44x40: 33 27 26 22 41 33
44x36: 25 34 22 30 25 32
45x47: 45 25 36 43 44 31
37x39: 25 40 34 47 38 37
45x43: 43 22 30 42 32 41
35x47: 19 33 26 35 26 26
38x40: 34 35 32 54 48 33
45x50: 60 67 48 68 41 58
40x43: 39 39 55 44 40 46
43x41: 50 39 39 43 52 51
46x50: 65 59 63 62 66 42
43x42: 37 26 32 45 27 28
41x41: 33 18 31 27 33 27
42x43: 42 51 53 42 38 49
49x47: 37 36 37 31 49 49
45x50: 41 33 42 45 35 43
48x41: 34 35 28 37 31 42
42x45: 48 45 47 45 45 60
42x42: 49 40 39 48 52 46
39x48: 34 31 42 36 33 32
35x35: 16 18 24 16 18 28
43x35: 33 43 40 39 49 30
41x49: 47 60 57 49 45 49
39x49: 25 26 35 49 36 36
37x39: 24 30 26 23 25 28
47x38: 37 26 27 29 33 28
42x50: 26 45 36 39 38 39
42x40: 46 50 38 39 43 43
44x49: 54 50 56 65 46 58
48x44: 63 53 47 57 56 51
46x43: 37 27 38 37 30 40
44x41: 38 27 35 25 24 32
42x39: 38 39 50 41 47 38
38x43: 26 32 29 29 28 23
46x49: 64 59 70 51 61 44
49x47: 53 50 59 64 67 63
48x35: 20 33 33 28 31 30
42x40: 44 44 50 36 44 41
47x40: 39 28 22 31 43 32
38x46: 25 32 34 24 44 21
48x43: 39 39 43 32 37 33
36x43: 43 38 35 40 43 41
36x46: 39 43 45 50 33 42
45x45: 48 52 48 44 48 70
49x44: 36 39 36 43 31 39
47x44: 30 37 32 37 39 35
47x50: 46 64 73 58 58 60
38x38: 32 39 37 40 35 38
50x48: 65 53 63 61 55 71
41x47: 54 53 47 54 41 46
50x45: 65 55 51 59 73 49
44x45: 46 50 46 48 53 62
39x42: 29 26 32 35 36 23
38x45: 31 23 33 24 37 31
36x44: 27 20 25 33 28 34
42x49: 34 24 40 34 53 38
36x40: 26 19 28 30 30 23
39x48: 45 57 40 45 42 57
45x49: 60 50 53 50 63 66
45x49: 40 25 41 31 48 55
50x39: 33 36 38 27 42 31
45x40: 33 30 38 36 27 31
37x42: 38 41 36 42 43 40
38x48: 45 55 42 42 37 57
46x39: 39 48 52 47 41 47
37x39: 43 43 32 32 40 34
36x48: 43 39 47 49 45 43
44x50: 29 36 50 34 41 33
47x35: 24 21 28 31 29 32
40x43: 41 46 42 44 43 48
43x49: 35 36 38 36 36 43
38x40: 33 21 25 22 25 29
45x48: 45 62 58 49 55 62
50x38: 26 33 33 35 35 30
44x49: 50 67 64 55 55 40
45x42: 41 43 51 54 52 50
43x46: 44 57 54 55 52 42
48x50: 53 35 38 36 46 47
39x37: 24 29 23 24 30 26
36x39: 34 36 36 37 39 35
40x40: 36 28 25 23 30 27
35x35: 35 28 34 26 34 33
44x37: 37 25 21 36 21 27
44x42: 48 50 54 39 62 36
47x49: 36 46 43 39 31 45
49x36: 36 55 42 57 41 38
38x35: 16 18 24 23 30 20
50x36: 52 43 49 53 39 40
50x44: 31 35 33 44 36 45
37x47: 25 32 40 23 33 27
38x50: 32 28 28 40 34 29
47x45: 55 51 64 57 51 47
39x50: 43 36 25 31 42 30
48x43: 33 46 33 30 41 40
40x42: 38 33 23 28 27 32
44x50: 39 38 44 40 31 31
50x42: 31 47 39 23 50 34
36x50: 49 41 46 44 40 56
36x41: 38 44 37 33 36 39
45x38: 38 22 39 28 22 31
35x40: 40 29 36 50 32 28
43x38: 47 39 45 39 41 41
36x35: 18 26 23 17 21 27
37x48: 30 33 33 27 31 38
50x38: 27 38 21 32 33 40
48x37: 26 39 32 33 30 32
40x35: 18 37 28 20 15 24
50x49: 67 75 76 52 50 54
48x35: 27 30 31 34 20 33
48x40: 50 57 40 44 54 52
42x48: 37 34 40 51 37 25
47x37: 48 35 51 51 43 40
47x44: 25 37 43 39 34 32
45x48: 43 58 58 58 59 56
49x45: 43 36 32 42 46 40
44x45: 31 34 40 34 38 32
44x43: 42 48 50 53 43 53
38x48: 47 43 47 40 44 59
46x44: 58 52 58 40 57 49
37x48: 44 45 54 43 48 40
50x40: 49 52 45 57 46 57
44x35: 37 45 48 43 30 31
40x48: 49 51 52 55 36 49
47x45: 31 28 45 33 41 47
44x37: 30 31 30 17 30 29
50x40: 33 36 36 31 29 42
40x49: 51 52 51 46 57 47
48x38: 39 47 52 45 48 49
46x40: 31 20 30 40 30 44
38x38: 31 39 51 33 38 30
41x42: 29 29 33 22 32 37
38x50: 52 45 51 46 49 50
38x38: 40 43 28 42 37 33
46x47: 30 38 39 44 38 36
45x39: 47 36 58 40 50 41
36x40: 26 24 30 26 27 23
47x37: 46 51 51 39 44 37
46x41: 30 42 27 29 36 30
50x46: 59 71 53 65 52 52
39x38: 45 37 39 45 34 28
50x49: 53 38 36 37 47 44
48x42: 38 41 41 32 35 37
45x36: 23 30 35 32 38 22
50x41: 40 63 55 48 49 58
39x50: 35 39 34 35 37 28
35x49: 26 27 32 28 28 35
49x37: 36 50 48 52 47 45
41x47: 42 44 53 45 71 47
37x46: 41 43 48 40 52 40
47x39: 39 29 33 32 33 29
48x40: 48 49 47 52 37 59
35x43: 24 25 29 32 21 23
43x38: 29 29 20 36 24 29
41x39: 24 38 34 21 29 23
49x43: 41 43 35 47 27 30
48x41: 49 48 55 43 48 59
46x43: 53 47 41 56 58 52
46x46: 61 51 47 58 51 58
40x39: 36 35 39 49 41 40
38x46: 28 35 34 28 27 28
36x42: 42 38 39 31 37 46
39x39: 22 35 31 32 24 25
50x45: 42 33 46 47 35 36
40x42: 31 35 50 41 53 50
35x36: 30 15 21 18 19 28
44x46: 37 29 36 41 31 35
48x49: 68 60 53 61 53 66
42x50: 52 49 56 53 53 60
41x36: 24 27 24 27 29 24
36x39: 40 27 35 39 47 32
40x39: 36 36 26 23 24 24
48x46: 52 42 35 42 38 31
35x43: 41 40 43 32 35 40
36x41: 39 37 27 42 40 43
37x40: 23 28 48 43 49 38
43x35: 30 24 25 23 34 18
38x41: 45 36 39 40 38 42
37x42: 36 24 24 24 35 24
41x47: 50 42 58 44 60 46
38x48: 42 55 47 42 46 48
39x37: 26 25 29 23 21 32
42x37: 39 48 37 45 35 34
39x45: 38 50 45 42 55 42
42x37: 34 27 19 29 26 32
40x49: 28 52 26 33 32 37
40x50: 51 55 54 44 51 53
36x35: 22 22 29 22 22 15
47x40: 34 43 63 52 46 49
41x42: 34 28 26 43 26 25
50x40: 28 30 49 33 33 34
43x50: 43 38 38 31 31 42
50x35: 36 32 22 33 27 26
45x47: 61 74 45 50 56 41
40x48: 50 45 45 41 61 57
40x43: 53 45 58 30 36 42
38x45: 32 29 30 30 31 28
39x37: 28 31 40 47 37 38
44x47: 32 39 35 32 35 36
40x41: 28 29 25 17 34 36
40x49: 40 33 35 33 26 41
49x42: 66 41 53 56 47 54
40x40: 21 28 34 30 29 26
42x48: 37 57 49 65 44 54
35x41: 28 28 24 24 20 18
46x35: 24 25 23 33 41 19
36x40: 30 39 43 44 34 30
36x50: 40 26 23 33 36 34
36x43: 24 27 26 32 21 38
41x44: 32 33 32 23 30 32
48x38: 44 41 52 45 45 53
43x48: 42 54 54 57 56 54
36x36: 23 22 15 28 36 20
41x38: 25 27 29 23 23 28
46x40: 32 28 36 27 44 28
37x44: 39 44 34 45 37 50
47x49: 45 43 35 43 32 42
39x43: 30 40 35 27 22 27
41x35: 35 33 43 37 30 41
35x46: 28 23 23 40 30 20
40x49: 42 30 29 34 38 35
44x50: 37 31 42 48 31 34
38x47: 51 45 44 50 46 40
38x50: 26 32 41 30 34 29
49x48: 44 44 45 45 43 34
46x48: 46 40 36 38 44 35
36x47: 47 41 54 39 36 42
49x45: 62 49 69 42 63 57
44x43: 26 40 35 28 32 35
39x45: 26 43 38 31 27 30
45x46: 43 32 45 22 45 38
36x42: 37 20 29 25 27 29
46x39: 52 57 39 32 52 47
40x50: 31 33 39 37 24 44
38x43: 23 24 34 29 15 42
41x42: 39 24 32 31 30 26
37x35: 25 22 21 22 25 16
46x40: 43 55 36 53 52 45
49x44: 65 71 52 49 50 45
49x50: 52 60 65 72 60 66
44x37: 39 43 45 34 40 49
45x36: 35 31 21 35 25 33
35x37: 44 34 29 28 30 35
42x39: 51 43 32 43 37 46
49x48: 46 44 55 80 57 77
49x48: 60 61 62 53 70 59
37x43: 26 32 18 34 30 28
35x45: 30 32 23 24 27 28
36x40: 29 29 25 21 28 24
40x47: 24 38 20 36 40 36
39x35: 31 14 25 22 29 21
45x48: 51 50 46 66 73 51
49x44: 35 44 35 32 34 43
48x49: 42 37 41 45 46 45
46x35: 22 25 26 34 30 27
50x45: 49 54 61 61 67 56
35x37: 41 23 34 28 27 46
39x45: 29 37 30 28 36 34
37x46: 30 31 26 30 26 36
48x50: 43 45 38 47 52 30
46x35: 36 44 30 47 44 47
43x37: 39 43 44 33 49 39
38x48: 44 52 48 34 52 52
43x44: 31 29 36 33 34 32
50x48: 51 43 43 42 40 36
47x50: 38 45 41 30 42 43
35x37: 36 29 39 34 30 31
49x48: 67 63 59 56 60 58
35x36: 21 23 16 21 26 24
35x49: 45 37 51 45 57 33
36x48: 40 26 27 32 30 37
37x45: 35 48 40 43 45 45
39x37: 26 27 18 32 25 28
36x45: 25 34 23 30 29 38
50x35: 35 62 51 40 34 43
47x41: 50 50 53 43 47 53
46x35: 47 42 42 38 42 38
38x48: 32 38 35 25 32 30
37x46: 30 45 44 55 50 38
46x44: 48 48 50 58 55 53
43x40: 30 32 38 28 26 28
49x38: 25 42 32 30 23 40
45x47: 48 42 65 52 58 61
43x37: 33 43 46 46 38 37
48x38: 42 43 50 53 57 38
41x50: 35 26 34 48 28 37
37x39: 38 41 32 37 39 36
48x39: 42 50 42 57 40 54
39x45: 33 43 27 34 24 34
50x38: 51 55 45 53 38 48
39x48: 42 58 56 40 39 50
40x50: 52 52 54 46 47 56
39x49: 56 58 55 47 44 34
41x38: 37 44 33 44 31 48
37x39: 31 29 26 24 25 20
40x40: 15 36 31 23 30 33
36x46: 32 38 43 54 47 41
47x44: 34 33 46 32 34 30
40x49: 32 23 44 29 40 39
50x50: 60 63 61 74 60 65
48x48: 33 53 39 33 51 46
45x35: 47 46 38 39 35 37
39x37: 27 23 30 27 23 26
46x48: 63 59 60 56 54 48
40x43: 42 50 41 52 39 39
41x38: 42 41 40 38 49 33
47x44: 36 34 46 33 34 26
43x35: 32 54 41 37 25 38
39x38: 24 29 31 29 22 21
43x44: 35 31 29 32 43 25
49x50: 56 60 74 54 58 73
45x49: 55 52 50 67 63 54
36x41: 21 23 39 24 18 31
36x49: 43 48 58 43 34 42
41x48: 41 27 41 42 31 25
46x37: 51 40 41 43 43 45
44x36: 23 30 31 24 32 28
42x48: 35 41 35 34 35 44
43x42: 32 32 35 32 26 38
49x46: 43 64 58 48 72 64
39x41: 47 47 37 38 34 42
46x48: 59 54 63 58 52 53
46x44: 29 48 24 43 28 37
37x39: 21 31 21 21 28 34
48x36: 34 30 25 34 27 42
38x40: 35 42 26 44 47 42
35x49: 41 49 39 39 49 48
36x39: 36 37 39 27 42 37
41x46: 52 48 37 54 56 46
41x37: 44 40 35 39 41 36
37x41: 22 24 31 27 24 28
44x36: 25 42 40 50 42 43
35x45: 27 35 23 23 27 30
40x50: 53 51 53 55 37 55
38x41: 22 34 23 23 29 25
35x42: 35 36 35 31 45 46
38x35: 28 41 34 32 30 38
43x41: 32 37 44 57 40 58
38x43: 36 47 42 38 42 46
39x47: 36 35 27 31 33 32
46x46: 36 42 32 40 26 48
35x35: 22 37 33 32 26 36
42x38: 33 27 42 33 56 58
37x37: 36 34 32 45 28 34
41x39: 23 32 28 22 27 36
43x36: 45 40 33 43 42 37
38x50: 39 26 34 34 25 34
44x36: 30 25 27 28 26 31
46x41: 32 27 38 17 36 45
40x43: 38 40 44 47 47 49
45x47: 64 58 48 53 43 58
35x37: 24 18 24 24 25 16
37x43: 46 35 45 46 34 38
50x38: 43 24 31 35 24 35
40x48: 48 50 46 55 54 44
38x40: 21 32 20 32 22 29
37x40: 39 39 31 42 37 40
42x35: 34 43 38 38 35 37
48x42: 55 58 54 45 56 44
41x49: 29 35 31 44 33 36
47x38: 28 29 28 30 35 29
37x41: 28 21 29 27 28 22
44x47: 33 39 33 37 34 33
37x45: 36 35 27 37 20 25
46x44: 40 29 39 28 41 32
41x43: 31 44 60 40 47 48
39x46: 56 46 41 39 43 52
45x42: 47 49 51 52 60 35
49x39: 31 33 41 19 43 41
40x40: 34 24 41 28 22 20
43x43: 26 39 27 30 37 36
44x50: 50 29 44 23 41 37
37x36: 24 27 24 15 28 25
36x46: 35 24 28 32 28 32
36x41: 22 26 25 26 31 26
39x42: 32 62 43 38 36 38
42x42: 46 42 45 51 46 42
44x47: 35 32 40 37 30 35
37x47: 44 43 51 47 38 43
37x42: 38 42 33 42 36 47
44x48: 62 42 52 54 56 61
48x50: 73 69 55 65 58 50
39x42: 36 49 46 40 47 35
47x37: 43 40 39 50 35 58
41x35: 24 18 31 22 21 26
42x43: 22 44 30 34 29 36
40x43: 42 43 42 48 49 42
49x37: 37 33 30 26 22 44
42x40: 31 37 28 29 25 31
43x43: 55 52 42 52 38 44
48x50: 36 54 41 49 31 44
47x37: 38 19 27 31 34 31
41x42: 43 26 41 53 54 51
38x42: 42 32 49 50 34 37
42x40: 31 21 27 35 34 33
47x39: 35 36 38 32 25 29
37x47: 27 34 23 28 33 35
45x50: 40 32 51 37 48 31
42x44: 33 37 25 36 32 33
41x42: 32 31 36 32 23 28
48x41: 42 51 54 53 44 56
44x44: 36 33 21 33 44 28
39x47: 46 36 59 47 43 50
48x47: 65 58 60 46 63 58
35x49: 42 49 39 42 38 52
35x46: 22 26 35 33 23 25
44x40: 47 43 53 46 33 46
45x50: 43 40 40 32 45 39
40x49: 55 50 49 53 42 51
49x35: 24 23 30 33 25 40
38x36: 23 22 17 27 29 25
35x39: 28 24 32 19 23 17
44x46: 56 55 55 40 55 52
35x47: 45 34 49 42 43 41
35x44: 36 41 39 46 34 39
38x47: 43 48 48 47 44 44
41x40: 28 36 25 30 26 24
46x35: 37 31 44 52 33 48
49x38: 30 33 33 29 38 28
35x39: 44 32 35 32 36 33
48x45: 60 56 57 53 62 47
35x39: 18 20 26 26 29 23
40x45: 46 39 50 56 38 46
46x35: 47 43 41 39 35 42
36x49: 29 36 34 23 41 29
40x44: 21 35 27 33 33 32
39x43: 31 28 25 31 33 33
43x36: 40 34 34 49 35 45
42x48: 47 61 59 41 52 50
36x50: 33 51 41 54 52 46
45x35: 30 23 21 28 29 33
46x43: 35 34 38 30 41 32
41x38: 20 26 25 26 21 38
40x50: 44 33 24 42 36 28
48x43: 54 45 58 62 43 53
41x45: 33 35 35 28 32 31
50x37: 49 49 43 34 51 60
40x49: 44 53 46 55 54 50
35x48: 30 23 26 27 26 43
45x48: 38 37 49 38 42 35
44x37: 26 28 31 27 32 24
38x50: 41 38 27 29 26 30
43x47: 30 39 38 40 27 35
47x42: 46 44 46 54 57 58
38x46: 57 46 48 41 41 37
46x39: 39 30 37 36 22 31
36x48: 36 35 31 32 39 19
49x50: 43 33 44 33 51 51
41x48: 31 45 27 32 35 37
37x40: 21 19 25 30 23 38
50x45: 45 48 37 36 33 40
47x43: 63 52 50 50 52 46
48x46: 44 65 53 61 56 59
44x43: 28 38 35 43 26 25
49x39: 43 55 45 56 54 42
44x44: 29 38 31 27 37 33
49x40: 33 36 36 23 44 36
49x44: 41 31 42 32 34 44
44x37: 22 35 30 32 22 26
37x36: 50 38 29 35 29 25
48x48: 50 41 43 31 47 43
41x37: 25 29 32 22 17 30
41x44: 42 53 38 43 45 56
46x40: 45 48 46 42 43 58
44x42: 20 43 22 34 33 43
37x37: 35 40 40 32 32 31
37x50: 22 26 31 41 34 38
36x41: 21 31 32 21 23 28
42x50: 43 50 61 53 65 53
49x46: 37 48 47 32 36 40
47x43: 36 39 32 30 29 43
48x46: 35 39 45 36 46 39
42x46: 32 37 32 36 39 34
41x38: 37 50 41 42 31 36
43x35: 33 43 37 44 45 31
36x38: 27 26 27 25 24 14
46x37: 32 17 33 26 35 36
45x41: 55 42 46 49 50 44
45x46: 60 50 50 52 50 57
49x42: 50 50 62 50 48 55
48x35: 44 44 53 35 47 37
39x49: 36 38 28 32 41 32
46x48: 54 69 61 51 61 45
37x40: 39 34 52 29 24 46
36x42: 25 35 22 33 28 24
42x41: 23 30 25 31 28 44
46x41: 44 54 57 42 49 44
49x44: 76 54 59 44 45 54
43x45: 35 28 32 39 41 34
39x38: 27 29 32 24 17 27
45x49: 56 63 62 54 52 51
41x35: 30 22 27 20 18 26
36x44: 25 32 20 26 34 30
49x50: 31 39 47 47 45 47
46x37: 45 50 36 47 46 39
36x41: 32 42 40 38 47 30
41x46: 53 45 53 52 41 45
40x49: 53 53 55 52 42 45
37x46: 55 40 38 43 52 38
43x37: 36 42 41 35 39 51
41x40: 47 32 36 46 45 48
39x49: 30 40 28 40 29 40
36x39: 29 43 44 38 35 26
41x41: 41 48 38 31 45 56
45x45: 43 39 37 34 28 44
44x46: 34 45 34 29 34 34
36x50: 27 25 40 30 37 33
45x42: 39 29 31 31 47 32
47x44: 36 41 39 31 38 24
36x48: 27 38 31 36 29 31
47x35: 50 47 36 35 48 40
50x50: 44 38 44 45 50 35
39x48: 32 26 42 36 35 37
40x35: 29 34 44 31 40 38
41x48: 37 38 29 30 39 35
43x49: 59 53 58 49 54 52
35x49: 24 35 31 30 27 29
39x44: 43 35 23 23 31 26
48x41: 33 40 36 28 33 38
39x35: 39 38 29 41 36 28
47x40: 47 54 47 48 36 54
46x40: 41 32 33 24 30 34
38x50: 25 30 34 34 36 33
45x41: 37 34 34 31 33 25
41x36: 49 40 35 35 35 34
39x37: 32 23 26 21 29 25
42x46: 31 29 34 34 37 44
40x44: 38 30 23 27 35 29
46x43: 26 39 43 32 32 38
45x35: 25 20 36 33 29 21
36x45: 46 45 38 45 37 38
42x36: 24 25 29 28 23 38
46x43: 48 42 53 58 60 46
36x48: 43 46 37 50 45 45
50x41: 56 52 48 53 56 52
35x36: 24 26 13 18 26 24
39x43: 46 43 47 41 40 41
50x47: 59 52 56 81 58 55
42x42: 36 42 24 35 32 27
42x45: 55 49 44 42 56 48
43x48: 58 65 50 48 48 48
43x40: 30 31 33 30 26 32
40x40: 42 47 32 41 43 42
50x35: 29 40 30 23 25 29
45x40: 27 34 37 30 32 34
38x46: 28 27 31 36 32 26
39x36: 16 27 22 34 34 23
36x41: 46 40 42 31 43 28
41x49: 59 49 41 60 54 48
37x41: 38 30 44 33 51 41
35x46: 38 35 29 18 20 25
45x42: 43 33 30 42 33 28
39x40: 58 38 39 38 37 32
47x45: 38 36 35 32 41 43
44x43: 31 28 37 36 32 31
35x46: 30 32 18 32 27 26
48x41: 56 48 49 51 58 44
42x39: 33 30 29 26 26 38
45x50: 58 54 63 54 67 53
46x46: 36 38 39 36 42 34
39x38: 33 37 48 40 39 31
36x39: 22 20 27 26 28 32
44x38: 44 52 28 54 44 36
43x43: 26 25 37 36 39 32
36x36: 33 39 33 34 31 29
43x42: 48 40 45 50 45 50
44x47: 60 48 51 44 58 60
36x46: 45 30 43 47 51 42
50x49: 65 67 53 71 43 73
48x42: 46 48 61 57 60 40
38x37: 26 30 17 16 31 23
42x49: 49 63 47 46 69 47
44x49: 39 31 41 38 35 40
48x44: 41 37 36 35 35 40
49x37: 30 34 35 41 25 26
35x49: 42 46 45 45 52 36
49x38: 48 51 43 56 45 43
38x37: 31 46 26 50 36 27
45x43: 39 38 29 29 37 37
40x36: 21 29 29 18 23 35
42x46: 44 48 51 52 36 62
43x49: 44 32 47 28 40 33
49x47: 63 73 55 57 55 51
38x48: 23 27 38 36 28 39
37x37: 22 27 18 25 30 22
46x41: 30 35 30 34 33 33
40x41: 42 42 43 46 36 42
40x47: 30 32 34 27 35 36
43x35: 16 27 27 26 26 32
41x38: 36 43 36 45 45 36
39x42: 24 28 33 28 35 33
50x39: 43 54 59 41 53 50
44x37: 42 37 45 39 46 43
49x37: 50 41 49 51 48 41
37x50: 26 34 34 34 33 31
43x40: 48 47 40 41 46 44
44x37: 36 52 46 41 38 36
47x45: 45 52 60 54 60 55
43x35: 34 29 24 27 19 21
37x38: 27 25 27 33 22 10
47x50: 58 68 67 46 51 69
45x43: 45 67 39 50 52 45
46x42: 55 46 47 54 48 48
35x50: 43 57 45 42 41 40
46x47: 44 55 52 64 72 49
41x45: 45 47 49 51 48 44
44x38: 22 26 32 22 29 37
49x47: 51 51 62 59 65 67
45x49: 61 54 51 68 49 55
37x45: 33 24 27 31 29 36
37x40: 40 38 42 37 40 32
42x36: 26 30 27 25 23 37
38x47: 36 37 61 34 57 52
35x43: 24 27 31 27 18 27
35x43: 40 30 39 43 45 37
40x41: 32 43 42 47 41 46
47x48: 48 42 33 35 40 41
50x39: 29 33 43 37 31 35
48x39: 32 31 34 33 40 38
48x38: 31 56 57 51 41 41
47x43: 56 48 56 54 52 46
35x36: 32 27 35 35 21 41
42x35: 26 24 30 28 28 18
38x35: 16 21 27 23 22 23
48x40: 53 41 56 53 45 47
43x46: 38 27 36 44 33 31
45x36: 34 33 51 44 40 46
44x42: 51 50 41 42 43 57
36x40: 23 17 28 34 22 32
42x42: 22 39 29 34 32 40
39x47: 26 34 35 34 35 31
38x36: 28 47 31 39 29 34
47x48: 46 39 42 45 31 36
42x38: 40 38 46 49 38 34
42x35: 32 37 34 47 29 44
46x39: 29 25 34 38 30 38
42x39: 31 37 33 29 23 29
41x48: 50 53 45 48 54 54
41x46: 54 39 50 43 55 52
43x42: 33 36 37 30 30 29
41x47: 26 22 31 43 39 34
46x35: 42 39 52 37 52 29
42x36: 32 35 24 34 22 21
48x48: 53 73 67 68 52 39
39x42: 41 36 52 42 52 32
35x43: 25 18 24 26 31 30
50x50: 75 60 61 65 56 67
36x46: 33 32 39 51 57 46
38x46: 34 27 26 34 29 30
39x40: 18 26 29 30 30 35
40x35: 30 48 26 33 40 39
35x39: 26 23 23 27 23 20
36x45: 36 43 45 46 42 37
39x40: 27 31 24 21 32 34
35x44: 24 32 23 33 24 17
39x37: 36 41 36 36 43 32
47x43: 37 26 43 29 35 40
47x39: 51 42 41 48 51 51
43x48: 49 47 60 58 52 51
44x48: 54 48 51 65 39 64
50x39: 32 31 36 34 34 40
48x44: 37 31 36 47 37 35
50x39: 31 33 31 37 40 36
45x46: 57 49 53 51 48 60
36x38: 32 36 34 36 34 38
42x50: 38 53 56 58 57 60
39x38: 30 20 21 32 21 32
49x44: 38 38 44 35 30 38
46x50: 38 46 32 37 38 49
49x42: 62 52 49 49 59 49
35x43: 17 24 26 27 32 28
39x46: 49 55 41 48 44 39
38x36: 36 37 32 29 49 32
35x37: 31 33 33 22 43 40
49x49: 64 65 46 56 72 70
48x46: 36 32 38 43 43 47
47x41: 52 52 45 52 38 55
43x47: 47 50 46 52 50 65
36x37: 49 17 39 32 33 37
37x46: 42 52 38 46 37 45
46x38: 35 27 25 39 29 25
41x45: 45 41 55 45 55 45
39x41: 41 40 52 31 33 47
46x50: 63 63 55 50 67 59
44x43: 44 44 54 38 56 57
41x44: 41 46 51 56 46 37
36x48: 42 41 43 51 49 41
35x49: 48 38 41 52 38 46
37x43: 38 37 39 36 53 45
47x47: 57 60 43 70 56 54
35x36: 15 19 22 25 25 26
39x39: 34 25 29 28 17 35
45x46: 41 38 31 39 45 31
48x43: 49 49 51 56 45 65
40x37: 39 49 38 36 31 33
37x36: 39 32 41 33 31 29
41x42: 49 59 47 40 38 31
40x47: 52 44 49 40 41 62
45x50: 59 56 55 73 49 52
43x47: 25 43 35 30 40 37
45x35: 32 23 23 24 28 35
47x50: 49 30 39 48 35 39
49x43: 50 48 63 57 54 52
45x42: 51 53 40 47 57 46
49x43: 37 30 43 36 43 35
35x40: 48 33 33 38 34 31
40x48: 40 37 31 37 30 32
39x47: 44 39 54 48 44 52
36x46: 33 25 27 42 30 23
43x40: 24 30 28 33 38 28
38x47: 32 26 23 38 27 33
49x46: 59 61 56 57 67 50
50x38: 26 26 32 27 46 34
45x39: 30 31 39 35 25 35
44x35: 37 45 32 46 43 35
44x43: 34 26 37 28 34 36
49x44: 49 52 45 67 69 53
39x36: 25 25 28 28 24 26
35x50: 41 43 39 49 48 50
46x44: 58 45 46 46 61 59
36x45: 38 55 34 42 38 41
45x36: 28 28 32 26 28 37
42x38: 47 41 35 40 39 44
38x44: 40 38 41 41 60 42
49x42: 52 48 52 50 57 59
37x40: 45 38 35 41 35 34
44x47: 42 55 56 59 39 62
46x43: 33 31 39 35 35 36
40x47: 50 51 50 45 45 48
36x48: 50 53 45 32 45 42
42x47: 30 35 34 34 37 40
46x43: 49 49 52 55 57 44
44x47: 57 52 50 47 60 55
35x50: 27 32 19 34 42 22
35x41: 22 18 29 25 25 23
37x45: 42 37 44 56 28 45
40x38: 42 44 31 38 48 34
35x41: 30 23 18 23 25 23
43x36: 36 19 30 19 34 29
47x48: 38 46 40 46 34 36
47x46: 44 59 57 41 65 68
36x39: 24 25 22 21 30 33
47x48: 43 35 31 39 46 45
35x35: 36 26 31 35 37 26
42x36: 37 34 36 44 43 40
39x39: 43 31 32 48 39 42
36x40: 18 24 27 25 33 29
46x41: 65 38 49 49 42 48
39x50: 34 62 45 58 46 52
43x50: 62 55 46 62 52 54
43x40: 26 34 33 31 28 29
49x50: 47 46 39 47 38 39
45x48: 56 52 60 58 60 48
46x43: 53 46 39 54 55 59
41x45: 54 39 47 50 47 48
39x47: 27 37 36 30 28 36
37x42: 36 45 35 41 41 41
40x46: 26 33 33 38 33 32
37x36: 46 24 36 29 34 38
35x35: 22 18 18 20 25 17
47x39: 39 32 32 33 25 33
44x42: 32 40 38 34 22 29
50x39: 37 26 36 35 44 30
39x37: 34 38 29 37 37 47
43x41: 31 41 58 48 43 48
50x41: 34 29 36 29 41 39
46x45: 47 51 56 57 68 43
42x36: 26 25 30 29 34 23
38x40: 27 45 34 39 45 44
50x48: 42 40 55 32 43 43
41x46: 44 35 53 53 52 54
37x47: 27 36 26 38 21 31
38x36: 18 28 23 24 16 35
40x43: 35 36 26 24 34 27
50x45: 34 38 44 33 53 37
45x49: 47 42 41 35 43 32
39x41: 28 26 25 33 28 28
37x41: 27 28 29 16 28 27
45x44: 63 49 59 41 55 41
38x47: 32 38 34 29 25 21
43x48: 59 52 55 59 44 47
36x50: 24 40 36 32 31 29
48x50: 55 53 35 31 34 48
43x48: 39 58 55 66 50 47
38x44: 42 56 31 41 42 45
45x42: 41 30 39 28 40 31
35x45: 21 28 30 21 37 28
45x45: 41 67 45 54 40 60
39x43: 33 25 31 28 31 33
35x45: 43 40 45 35 40 40
49x41: 44 45 69 52 47 50
40x50: 29 33 38 38 35 35
44x46: 31 28 46 40 32 32
44x41: 36 30 20 28 36 31
42x40: 34 27 29 25 29 37
46x41: 33 36 30 22 41 32
41x45: 49 38 54 52 46 45
48x38: 36 33 34 34 28 26
44x42: 53 40 40 41 56 58
45x50: 45 44 40 34 33 43
40x40: 26 25 32 30 27 29
37x47: 28 28 29 38 25 31
43x40: 33 22 38 17 40 32
46x44: 28 35 32 43 38 33
49x43: 49 57 55 55 44 61
36x38: 25 22 23 20 20 34
46x36: 46 39 38 43 48 43
43x36: 34 45 41 40 52 29
35x39: 36 42 29 33 33 37
37x37: 35 37 37 30 35 37
44x40: 43 46 47 50 43 41
36x36: 20 27 22 26 30 19
37x38: 26 24 29 21 19 25
35x39: 41 36 26 42 38 29
43x36: 40 31 34 39 48 49
41x48: 44 33 34 37 23 37
44x40: 59 47 49 40 35 40
41x48: 32 28 34 34 46 33
41x42: 33 28 28 33 31 28
37x47: 28 37 35 22 28 29
36x37: 34 39 35 25 33 39
41x38: 28 43 41 46 42 39
48x36: 31 34 42 29 32 24
38x49: 35 29 29 32 34 33
35x47: 34 35 45 54 49 37
48x47: 45 47 36 34 39 38
37x49: 35 35 38 27 25 32
41x45: 26 25 44 28 35 37
37x35: 31 19 23 22 19 17
46x40: 32 36 31 35 28 33
45x48: 34 39 39 44 52 32
41x43: 22 24 32 32 34 37
45x49: 47 61 76 54 52 47
42x38: 26 21 29 31 31 30
36x38: 23 19 29 25 16 32
36x36: 27 38 42 33 38 22
47x49: 41 47 35 32 46 39
48x50: 67 55 63 69 68 50
35x49: 46 36 49 41 57 39
